OMEGA0: 0.644466,-0.000879342,-0.0217707
OMEGA1: 0.644466,0.000879296,0.0217712
OMEGA0: 0.644461,-0.00165352,-0.0218949
OMEGA1: 0.644461,0.00165345,0.0218951
OMEGA0: 0.644453,-0.00241551,-0.022097
OMEGA1: 0.644453,0.00241539,0.022097
OMEGA0: 0.644442,-0.00315985,-0.0223759
OMEGA1: 0.644442,0.00315969,0.0223763
OMEGA0: 0.644428,-0.0038803,-0.0227311
OMEGA1: 0.644428,0.00388015,0.0227312
OMEGA0: 0.644411,-0.00457141,-0.0231606
OMEGA1: 0.644411,0.00457123,0.0231606
OMEGA0: 0.644391,-0.00522733,-0.0236628
OMEGA1: 0.644391,0.00522716,0.0236629
OMEGA0: 0.644368,-0.00584193,-0.024235
OMEGA1: 0.644368,0.00584163,0.0242353
OMEGA0: 0.644342,-0.0064103,-0.0248756
OMEGA1: 0.644342,0.00641014,0.0248756
OMEGA0: 0.644314,-0.00692702,-0.0255811
OMEGA1: 0.644314,0.00692674,0.0255814
OMEGA0: 0.644283,-0.00738628,-0.0263489
OMEGA1: 0.644283,0.00738601,0.0263489
OMEGA0: 0.64425,-0.00778311,-0.0271749
OMEGA1: 0.64425,0.00778283,0.0271749
OMEGA0: 0.644215,-0.00811219,-0.0280556
OMEGA1: 0.644215,0.00811179,0.0280556
OMEGA0: 0.644178,-0.00836832,-0.0289862
OMEGA1: 0.644178,0.00836796,0.0289862
OMEGA0: 0.644139,-0.00854704,-0.0299628
OMEGA1: 0.644139,0.00854677,0.0299627
OMEGA0: 0.644098,-0.00864336,-0.0309791
OMEGA1: 0.644098,0.00864299,0.0309788
OMEGA0: 0.644056,-0.00865334,-0.0320313
OMEGA1: 0.644056,0.00865303,0.0320308
OMEGA0: 0.644013,-0.00857286,-0.0331132
OMEGA1: 0.644013,0.00857254,0.0331128
OMEGA0: 0.643969,-0.00839782,-0.0342188
OMEGA1: 0.643968,0.00839747,0.0342182
OMEGA0: 0.643924,-0.00812474,-0.0353415
OMEGA1: 0.643924,0.00812444,0.0353409
OMEGA0: 0.643878,-0.00775005,-0.0364747
OMEGA1: 0.643878,0.0077499,0.036474
OMEGA0: 0.643833,-0.00727135,-0.0376121
OMEGA1: 0.643833,0.00727119,0.0376111
OMEGA0: 0.643787,-0.00668556,-0.0387447
OMEGA1: 0.643788,0.00668533,0.0387437
OMEGA0: 0.643743,-0.00599045,-0.0398656
OMEGA1: 0.643743,0.00599039,0.0398645
OMEGA0: 0.643698,-0.00518468,-0.0409667
OMEGA1: 0.643699,0.00518449,0.040966
OMEGA0: 0.643656,-0.0042668,-0.0420388
OMEGA1: 0.643656,0.00426669,0.0420381
OMEGA0: 0.643614,-0.00323574,-0.0430745
OMEGA1: 0.643614,0.00323569,0.0430739
OMEGA0: 0.643575,-0.00209154,-0.0440647
OMEGA1: 0.643575,0.00209156,0.044064
OMEGA0: 0.643537,-0.000834422,-0.0449996
OMEGA1: 0.643537,0.000834331,0.0449991
OMEGA0: 0.643502,0.000534853,-0.0458702
OMEGA1: 0.643502,-0.000534793,0.0458695
OMEGA0: 0.643471,0.00201491,-0.0466669
OMEGA1: 0.643471,-0.00201484,0.0466662
OMEGA0: 0.643442,0.00360361,-0.0473795
OMEGA1: 0.643442,-0.00360326,0.0473787
OMEGA0: 0.643417,0.00529773,-0.047998
OMEGA1: 0.643417,-0.00529754,0.0479974
OMEGA0: 0.643397,0.00709407,-0.0485128
OMEGA1: 0.643397,-0.00709393,0.0485123
OMEGA0: 0.643381,0.00898823,-0.0489136
OMEGA1: 0.643381,-0.00898806,0.048913
OMEGA0: 0.64337,0.0109752,-0.04919
OMEGA1: 0.64337,-0.010975,0.0491894
OMEGA0: 0.643364,0.0130491,-0.0493322
OMEGA1: 0.643364,-0.0130488,0.0493317
OMEGA0: 0.643364,0.0152029,-0.0493297
OMEGA1: 0.643364,-0.0152025,0.0493292
OMEGA0: 0.64337,0.0174296,-0.0491735
OMEGA1: 0.64337,-0.0174292,0.0491728
OMEGA0: 0.643383,0.0197205,-0.0488531
OMEGA1: 0.643383,-0.0197201,0.0488525
OMEGA0: 0.643403,0.0220665,-0.0483594
OMEGA1: 0.643403,-0.022066,0.0483589
OMEGA0: 0.64343,0.024457,-0.0476833
OMEGA1: 0.64343,-0.0244564,0.0476827
OMEGA0: 0.643465,0.0268807,-0.0468157
OMEGA1: 0.643465,-0.0268801,0.0468152
OMEGA0: 0.643507,0.029325,-0.0457484
OMEGA1: 0.643507,-0.0293244,0.0457479
OMEGA0: 0.643558,0.0317784,-0.0444739
OMEGA1: 0.643558,-0.0317778,0.0444734
OMEGA0: 0.643618,0.0342268,-0.042985
OMEGA1: 0.643618,-0.034226,0.0429846
OMEGA0: 0.643687,0.0366537,-0.0412753
OMEGA1: 0.643686,-0.0366529,0.0412748
OMEGA0: 0.643764,0.0390442,-0.0393388
OMEGA1: 0.643764,-0.0390433,0.0393384
OMEGA0: 0.643851,0.0413816,-0.037171
OMEGA1: 0.643851,-0.0413806,0.0371707
OMEGA0: 0.643947,0.0436483,-0.034768
OMEGA1: 0.643947,-0.0436473,0.0347678
OMEGA0: 0.644052,0.0458259,-0.0321271
OMEGA1: 0.644052,-0.0458248,0.0321269
OMEGA0: 0.644168,0.0478953,-0.0292468
OMEGA1: 0.644168,-0.0478942,0.0292466
OMEGA0: 0.644292,0.0498366,-0.0261263
OMEGA1: 0.644293,-0.0498354,0.0261263
OMEGA0: 0.644427,0.0516264,-0.0227679
OMEGA1: 0.644427,-0.0516253,0.0227678
OMEGA0: 0.64457,0.0532489,-0.0191719
OMEGA1: 0.644571,-0.0532477,0.019172
OMEGA0: 0.644724,0.0546799,-0.0153435
OMEGA1: 0.644723,-0.0546785,0.0153437
OMEGA0: 0.644886,0.055897,-0.0112875
OMEGA1: 0.644886,-0.0558956,0.0112878
OMEGA0: 0.645057,0.056878,-0.00701144
OMEGA1: 0.645057,-0.0568766,0.00701188
OMEGA0: 0.645236,0.057598,-0.00252527
OMEGA1: 0.645236,-0.0575963,0.00252597
OMEGA0: 0.645424,0.0580369,0.0021619
OMEGA1: 0.645424,-0.0580355,-0.00216123
OMEGA0: 0.645619,0.0581702,0.00703596
OMEGA1: 0.645619,-0.0581686,-0.00703512
OMEGA0: 0.645821,0.0579744,0.012082
OMEGA1: 0.645821,-0.0579727,-0.0120809
OMEGA0: 0.646029,0.0574283,0.017284
OMEGA1: 0.646029,-0.0574267,-0.0172828
OMEGA0: 0.646243,0.0565097,0.0226229
OMEGA1: 0.646243,-0.056508,-0.0226214
OMEGA0: 0.646461,0.0551958,0.0280767
OMEGA1: 0.646461,-0.0551942,-0.0280749
OMEGA0: 0.646683,0.0534661,0.0336217
OMEGA1: 0.646683,-0.0534645,-0.0336199
OMEGA0: 0.646907,0.0513013,0.0392329
OMEGA1: 0.646907,-0.0512998,-0.039231
OMEGA0: 0.647133,0.0486821,0.0448818
OMEGA1: 0.647133,-0.0486805,-0.0448795
OMEGA0: 0.64736,0.0455909,0.0505374
OMEGA1: 0.647359,-0.0455896,-0.0505351
OMEGA0: 0.647585,0.0420127,0.0561686
OMEGA1: 0.647585,-0.0420115,-0.0561663
OMEGA0: 0.647808,0.0379328,0.0617387
OMEGA1: 0.647808,-0.0379317,-0.0617363
OMEGA0: 0.648027,0.03334,0.067212
OMEGA1: 0.648027,-0.0333389,-0.0672097
OMEGA0: 0.64824,0.0282241,0.0725498
OMEGA1: 0.64824,-0.0282233,-0.0725472
OMEGA0: 0.648447,0.0225784,0.0777085
OMEGA1: 0.648447,-0.0225777,-0.0777057
OMEGA0: 0.648644,0.0163983,0.0826488
OMEGA1: 0.648644,-0.0163977,-0.0826459
OMEGA0: 0.648831,0.00968275,0.0873213
OMEGA1: 0.648831,-0.00968237,-0.0873182
OMEGA0: 0.649006,0.00243381,0.091683
OMEGA1: 0.649006,-0.00243353,-0.0916798
OMEGA0: 0.649166,-0.00534301,0.095685
OMEGA1: 0.649166,0.00534316,-0.0956818
OMEGA0: 0.64931,-0.0136383,0.0992775
OMEGA1: 0.64931,0.0136383,-0.0992742
OMEGA0: 0.649435,-0.0224384,0.102411
OMEGA1: 0.649435,0.0224381,-0.102408
OMEGA0: 0.649541,-0.0317257,0.105035
OMEGA1: 0.64954,0.0317251,-0.105031
OMEGA0: 0.649623,-0.0414772,0.107097
OMEGA1: 0.649623,0.0414765,-0.107094
OMEGA0: 0.649681,-0.0516676,0.108549
OMEGA1: 0.649681,0.0516665,-0.108545
OMEGA0: 0.649711,-0.062259,0.109332
OMEGA1: 0.649711,0.0622576,-0.109329
OMEGA0: 0.649715,-0.0732254,0.109411
OMEGA1: 0.649716,0.0732238,-0.109408
OMEGA0: 0.649688,-0.0845149,0.108725
OMEGA1: 0.649688,0.084513,-0.108722
OMEGA0: 0.649629,-0.0960841,0.107233
OMEGA1: 0.649629,0.096082,-0.10723
OMEGA0: 0.649535,-0.107878,0.104888
OMEGA1: 0.649535,0.107875,-0.104885
OMEGA0: 0.649406,-0.119838,0.10165
OMEGA1: 0.649406,0.119836,-0.101647
OMEGA0: 0.649239,-0.131902,0.0974797
OMEGA1: 0.649239,0.131899,-0.0974767
OMEGA0: 0.649034,-0.143999,0.0923439
OMEGA1: 0.649034,0.143995,-0.0923405
OMEGA0: 0.648789,-0.156055,0.0862134
OMEGA1: 0.648789,0.156051,-0.0862106
OMEGA0: 0.648503,-0.16799,0.0790641
OMEGA1: 0.648503,0.167986,-0.0790615
OMEGA0: 0.648176,-0.179721,0.0708787
OMEGA1: 0.648176,0.179716,-0.0708763
OMEGA0: 0.647807,-0.191158,0.0616461
OMEGA1: 0.647807,0.191153,-0.0616441
OMEGA0: 0.647396,-0.20221,0.0513629
OMEGA1: 0.647396,0.202205,-0.0513611
OMEGA0: 0.646943,-0.21278,0.0400339
OMEGA1: 0.646943,0.212775,-0.0400324
OMEGA0: 0.646449,-0.222772,0.0276726
OMEGA1: 0.646449,0.222767,-0.0276713
OMEGA0: 0.645915,-0.232083,0.0143018
OMEGA1: 0.645915,0.232078,-0.0143007
OMEGA0: 0.645341,-0.240615,-4.58919e-05
OMEGA1: 0.645341,0.240609,4.64776e-05
OMEGA0: 0.64473,-0.248264,-0.0153269
OMEGA1: 0.64473,0.248259,0.0153273
OMEGA0: 0.644084,-0.254932,-0.0314876
OMEGA1: 0.644084,0.254926,0.0314877
OMEGA0: 0.643406,-0.260519,-0.0484628
OMEGA1: 0.643406,0.260514,0.0484626
OMEGA0: 0.642697,-0.264932,-0.0661761
OMEGA1: 0.642697,0.264927,0.0661755
OMEGA0: 0.641963,-0.268081,-0.08454
OMEGA1: 0.641964,0.268076,0.0845392
OMEGA0: 0.641208,-0.269881,-0.103456
OMEGA1: 0.641207,0.269876,0.103455
OMEGA0: 0.640434,-0.270256,-0.122814
OMEGA1: 0.640434,0.270251,0.122812
OMEGA0: 0.639646,-0.269137,-0.142494
OMEGA1: 0.639646,0.269133,0.142493
OMEGA0: 0.638851,-0.266471,-0.162367
OMEGA1: 0.638851,0.266467,0.162365
OMEGA0: 0.638055,-0.262211,-0.182295
OMEGA1: 0.638055,0.262207,0.182292
OMEGA0: 0.637262,-0.256325,-0.20213
OMEGA1: 0.637262,0.256321,0.202128
OMEGA0: 0.636479,-0.248794,-0.221722
OMEGA1: 0.636479,0.248791,0.221719
OMEGA0: 0.635712,-0.239617,-0.240913
OMEGA1: 0.635712,0.239614,0.24091
OMEGA0: 0.634967,-0.228808,-0.259543
OMEGA1: 0.634968,0.228805,0.25954
OMEGA0: 0.634252,-0.216397,-0.277452
OMEGA1: 0.634252,0.216395,0.277449
OMEGA0: 0.633572,-0.202434,-0.294479
OMEGA1: 0.633572,0.202432,0.294476
OMEGA0: 0.632933,-0.186984,-0.310466
OMEGA1: 0.632933,0.186982,0.310464
OMEGA0: 0.632342,-0.170131,-0.325264
OMEGA1: 0.632342,0.17013,0.325261
OMEGA0: 0.631804,-0.151978,-0.338727
OMEGA1: 0.631804,0.151976,0.338724
OMEGA0: 0.631325,-0.132641,-0.350723
OMEGA1: 0.631325,0.13264,0.35072
OMEGA0: 0.63091,-0.112254,-0.361128
OMEGA1: 0.63091,0.112253,0.361126
OMEGA0: 0.630562,-0.0909636,-0.369837
OMEGA1: 0.630562,0.090963,0.369835
OMEGA0: 0.630287,-0.0689294,-0.376757
OMEGA1: 0.630286,0.0689286,0.376755
OMEGA0: 0.630085,-0.046321,-0.381814
OMEGA1: 0.630085,0.0463207,0.381813
OMEGA0: 0.62996,-0.0233162,-0.384954
OMEGA1: 0.62996,0.0233161,0.384953
OMEGA0: 0.629913,-9.87657e-05,-0.386141
OMEGA1: 0.629913,9.87356e-05,0.386141
OMEGA0: 0.629946,0.0231445,-0.385362
OMEGA1: 0.629946,-0.0231445,0.385362
OMEGA0: 0.630056,0.0462272,-0.382623
OMEGA1: 0.630056,-0.0462271,0.382623
OMEGA0: 0.630244,0.068963,-0.377952
OMEGA1: 0.630244,-0.068963,0.377952
OMEGA0: 0.630507,0.0911722,-0.371395
OMEGA1: 0.630507,-0.0911723,0.371396
OMEGA0: 0.630842,0.112681,-0.363022
OMEGA1: 0.630842,-0.112682,0.363023
OMEGA0: 0.631247,0.133326,-0.352917
OMEGA1: 0.631247,-0.133327,0.352919
OMEGA0: 0.631718,0.152955,-0.341183
OMEGA1: 0.631717,-0.152956,0.341185
OMEGA0: 0.632248,0.171429,-0.327938
OMEGA1: 0.632248,-0.17143,0.32794
OMEGA0: 0.632834,0.188624,-0.313312
OMEGA1: 0.632834,-0.188625,0.313314
OMEGA0: 0.63347,0.204432,-0.297446
OMEGA1: 0.633469,-0.204434,0.297448
OMEGA0: 0.634148,0.218763,-0.280491
OMEGA1: 0.634148,-0.218765,0.280493
OMEGA0: 0.634864,0.231543,-0.262603
OMEGA1: 0.634864,-0.231545,0.262605
OMEGA0: 0.635611,0.242718,-0.243944
OMEGA1: 0.635611,-0.24272,0.243946
OMEGA0: 0.636383,0.25225,-0.224675
OMEGA1: 0.636383,-0.252253,0.224678
OMEGA0: 0.637172,0.260121,-0.20496
OMEGA1: 0.637172,-0.260124,0.204962
OMEGA0: 0.637973,0.266326,-0.184957
OMEGA1: 0.637973,-0.26633,0.18496
OMEGA0: 0.638779,0.27088,-0.164824
OMEGA1: 0.638779,-0.270884,0.164826
OMEGA0: 0.639584,0.273811,-0.144709
OMEGA1: 0.639584,-0.273815,0.144711
OMEGA0: 0.640383,0.275161,-0.124756
OMEGA1: 0.640383,-0.275166,0.124758
OMEGA0: 0.641171,0.274984,-0.105099
OMEGA1: 0.641171,-0.274989,0.1051
OMEGA0: 0.641941,0.273345,-0.0858628
OMEGA1: 0.641941,-0.27335,0.0858637
OMEGA0: 0.642689,0.270319,-0.0671618
OMEGA1: 0.64269,-0.270324,0.0671626
OMEGA0: 0.643412,0.265989,-0.0490999
OMEGA1: 0.643413,-0.265995,0.0491003
OMEGA0: 0.644106,0.260447,-0.0317689
OMEGA1: 0.644106,-0.260452,0.031769
OMEGA0: 0.644767,0.253787,-0.0152501
OMEGA1: 0.644767,-0.253792,0.0152498
OMEGA0: 0.645393,0.246108,0.000387592
OMEGA1: 0.645393,-0.246114,-0.000388188
OMEGA0: 0.645981,0.237512,0.015086
OMEGA1: 0.645982,-0.237518,-0.0150871
OMEGA0: 0.64653,0.228103,0.0287985
OMEGA1: 0.646531,-0.228108,-0.0287998
OMEGA0: 0.647038,0.217982,0.0414891
OMEGA1: 0.647039,-0.217987,-0.0414907
OMEGA0: 0.647505,0.207254,0.053132
OMEGA1: 0.647505,-0.207259,-0.0531338
OMEGA0: 0.647928,0.196018,0.0637112
OMEGA1: 0.647928,-0.196022,-0.0637134
OMEGA0: 0.648309,0.184373,0.0732202
OMEGA1: 0.648309,-0.184377,-0.0732226
OMEGA0: 0.648646,0.172414,0.0816603
OMEGA1: 0.648647,-0.172418,-0.081663
OMEGA0: 0.648942,0.160233,0.0890415
OMEGA1: 0.648942,-0.160237,-0.0890445
OMEGA0: 0.649196,0.147917,0.0953804
OMEGA1: 0.649196,-0.147921,-0.0953835
OMEGA0: 0.649409,0.135547,0.1007
OMEGA1: 0.649409,-0.13555,-0.100703
OMEGA0: 0.649582,0.123202,0.105029
OMEGA1: 0.649582,-0.123205,-0.105032
OMEGA0: 0.649717,0.110952,0.108402
OMEGA1: 0.649717,-0.110955,-0.108405
OMEGA0: 0.649815,0.0988652,0.110856
OMEGA1: 0.649815,-0.0988675,-0.110859
OMEGA0: 0.649879,0.0870027,0.112435
OMEGA1: 0.649879,-0.0870046,-0.112438
OMEGA0: 0.649909,0.0754177,0.113182
OMEGA1: 0.649909,-0.0754195,-0.113185
OMEGA0: 0.649907,0.0641604,0.113143
OMEGA1: 0.649907,-0.0641617,-0.113146
OMEGA0: 0.649875,0.0532752,0.112369
OMEGA1: 0.649875,-0.0532765,-0.112373
OMEGA0: 0.649817,0.042804,0.110914
OMEGA1: 0.649817,-0.042805,-0.110918
OMEGA0: 0.649734,0.0327784,0.108829
OMEGA1: 0.649734,-0.0327792,-0.108832
OMEGA0: 0.649627,0.0232263,0.106164
OMEGA1: 0.649627,-0.0232268,-0.106168
OMEGA0: 0.6495,0.0141711,0.102973
OMEGA1: 0.6495,-0.0141713,-0.102976
OMEGA0: 0.649353,0.00563241,0.0993072
OMEGA1: 0.649353,-0.00563241,-0.0993103
OMEGA0: 0.64919,-0.00237654,0.0952178
OMEGA1: 0.64919,0.00237662,-0.0952209
OMEGA0: 0.649011,-0.00984504,0.0907559
OMEGA1: 0.649011,0.00984538,-0.0907591
OMEGA0: 0.64882,-0.0167671,0.0859712
OMEGA1: 0.64882,0.0167676,-0.0859741
OMEGA0: 0.648618,-0.0231401,0.0809111
OMEGA1: 0.648618,0.0231408,-0.0809139
OMEGA0: 0.648406,-0.0289655,0.0756209
OMEGA1: 0.648406,0.0289662,-0.0756236
OMEGA0: 0.648188,-0.0342469,0.0701469
OMEGA1: 0.648187,0.0342478,-0.0701491
OMEGA0: 0.647963,-0.0389916,0.064529
OMEGA1: 0.647963,0.0389926,-0.0645312
OMEGA0: 0.647734,-0.0432093,0.0588099
OMEGA1: 0.647734,0.0432105,-0.0588122
OMEGA0: 0.647503,-0.0469126,0.0530279
OMEGA1: 0.647503,0.0469138,-0.05303
OMEGA0: 0.64727,-0.0501147,0.0472166
OMEGA1: 0.64727,0.050116,-0.0472186
OMEGA0: 0.647038,-0.0528323,0.0414112
OMEGA1: 0.647038,0.0528337,-0.0414133
OMEGA0: 0.646807,-0.0550828,0.0356424
OMEGA1: 0.646808,0.0550843,-0.0356442
OMEGA0: 0.64658,-0.056886,0.0299402
OMEGA1: 0.646579,0.0568875,-0.0299416
OMEGA0: 0.646355,-0.0582622,0.0243303
OMEGA1: 0.646355,0.0582637,-0.0243319
OMEGA0: 0.646136,-0.0592322,0.0188373
OMEGA1: 0.646136,0.0592338,-0.0188384
OMEGA0: 0.645921,-0.059818,0.0134822
OMEGA1: 0.645921,0.0598195,-0.0134832
OMEGA0: 0.645713,-0.0600432,0.00828562
OMEGA1: 0.645713,0.0600449,-0.0082866
OMEGA0: 0.645512,-0.0599313,0.00326499
OMEGA1: 0.645513,0.0599329,-0.00326592
OMEGA0: 0.645319,-0.0595045,-0.00156484
OMEGA1: 0.64532,0.0595061,0.00156408
OMEGA0: 0.645134,-0.0587867,-0.00619067
OMEGA1: 0.645134,0.0587882,0.00619009
OMEGA0: 0.644958,-0.0578034,-0.0106004
OMEGA1: 0.644958,0.0578049,0.0105998
OMEGA0: 0.644791,-0.0565755,-0.014786
OMEGA1: 0.644791,0.056577,0.0147856
OMEGA0: 0.644633,-0.0551279,-0.0187393
OMEGA1: 0.644632,0.0551292,0.0187389
OMEGA0: 0.644484,-0.0534822,-0.0224553
OMEGA1: 0.644484,0.0534836,0.022455
OMEGA0: 0.644345,-0.0516612,-0.0259293
OMEGA1: 0.644345,0.0516623,0.0259292
OMEGA0: 0.644216,-0.049687,-0.0291598
OMEGA1: 0.644216,0.0496882,0.0291598
OMEGA0: 0.644097,-0.0475798,-0.0321448
OMEGA1: 0.644097,0.047581,0.032145
OMEGA0: 0.643987,-0.0453608,-0.0348857
OMEGA1: 0.643987,0.0453619,0.0348855
OMEGA0: 0.643887,-0.0430492,-0.0373832
OMEGA1: 0.643887,0.0430502,0.0373832
OMEGA0: 0.643797,-0.040664,-0.039641
OMEGA1: 0.643797,0.040665,0.039641
OMEGA0: 0.643716,-0.0382232,-0.0416623
OMEGA1: 0.643716,0.0382242,0.0416626
OMEGA0: 0.643644,-0.0357434,-0.0434528
OMEGA1: 0.643644,0.0357444,0.0434533
OMEGA0: 0.643581,-0.0332423,-0.0450181
OMEGA1: 0.643582,0.0332433,0.0450184
OMEGA0: 0.643528,-0.0307326,-0.0463644
OMEGA1: 0.643528,0.0307335,0.0463649
OMEGA0: 0.643482,-0.0282297,-0.0474995
OMEGA1: 0.643482,0.0282306,0.0474998
OMEGA0: 0.643445,-0.0257474,-0.0484309
OMEGA1: 0.643445,0.0257481,0.0484314
OMEGA0: 0.643416,-0.0232974,-0.0491678
OMEGA1: 0.643416,0.0232981,0.0491685
OMEGA0: 0.643393,-0.0208911,-0.0497188
OMEGA1: 0.643394,0.0208919,0.0497192
OMEGA0: 0.643379,-0.0185381,-0.0500925
OMEGA1: 0.643378,0.0185389,0.0500931
OMEGA0: 0.64337,-0.0162489,-0.0502996
OMEGA1: 0.64337,0.0162495,0.0503003
OMEGA0: 0.643368,-0.0140317,-0.0503497
OMEGA1: 0.643368,0.0140322,0.0503503
OMEGA0: 0.643372,-0.0118942,-0.0502527
OMEGA1: 0.643372,0.0118946,0.0502532
OMEGA0: 0.643382,-0.0098431,-0.0500191
OMEGA1: 0.643382,0.00984348,0.0500199
OMEGA0: 0.643396,-0.00788371,-0.049659
OMEGA1: 0.643396,0.00788413,0.0496596
OMEGA0: 0.643415,-0.00602186,-0.0491829
OMEGA1: 0.643415,0.00602235,0.0491838
OMEGA0: 0.643438,-0.0042609,-0.0486
OMEGA1: 0.643438,0.00426119,0.048601
OMEGA0: 0.643466,-0.00260476,-0.0479215
OMEGA1: 0.643465,0.00260508,0.0479224
OMEGA0: 0.643496,-0.00105619,-0.0471577
OMEGA1: 0.643496,0.00105651,0.0471584
OMEGA0: 0.64353,0.00038303,-0.0463169
OMEGA1: 0.64353,-0.000382857,0.0463178
OMEGA0: 0.643566,0.00171128,-0.0454106
OMEGA1: 0.643566,-0.00171109,0.0454112
OMEGA0: 0.643605,0.00292813,-0.0444463
OMEGA1: 0.643604,-0.00292806,0.0444472
OMEGA0: 0.643645,0.0040332,-0.0434347
OMEGA1: 0.643645,-0.00403323,0.0434358
OMEGA0: 0.643687,0.00502712,-0.0423844
OMEGA1: 0.643687,-0.00502713,0.0423853
OMEGA0: 0.64373,0.00591074,-0.0413036
OMEGA1: 0.64373,-0.00591082,0.0413047
OMEGA0: 0.643774,0.00668553,-0.0402006
OMEGA1: 0.643774,-0.00668563,0.0402014
OMEGA0: 0.643819,0.00735334,-0.0390833
OMEGA1: 0.643819,-0.00735339,0.0390842
OMEGA0: 0.643864,0.00791629,-0.0379587
OMEGA1: 0.643864,-0.00791649,0.0379596
OMEGA0: 0.643909,0.00837769,-0.0368364
OMEGA1: 0.643909,-0.00837789,0.0368372
OMEGA0: 0.643954,0.00873961,-0.0357194
OMEGA1: 0.643954,-0.0087399,0.0357202
OMEGA0: 0.643998,0.00900615,-0.0346173
OMEGA1: 0.643998,-0.00900648,0.0346179
OMEGA0: 0.644041,0.00918058,-0.0335345
OMEGA1: 0.644041,-0.00918085,0.0335351
OMEGA0: 0.644083,0.00926684,-0.0324775
OMEGA1: 0.644083,-0.0092673,0.0324781
OMEGA0: 0.644124,0.00926941,-0.0314516
OMEGA1: 0.644124,-0.00926988,0.0314523
OMEGA0: 0.644164,0.00919209,-0.0304612
OMEGA1: 0.644164,-0.00919259,0.0304618
OMEGA0: 0.644202,0.00903983,-0.0295115
OMEGA1: 0.644202,-0.00904032,0.029512
OMEGA0: 0.644238,0.0088166,-0.028606
OMEGA1: 0.644238,-0.00881716,0.0286066
OMEGA0: 0.644272,0.00852828,-0.0277495
OMEGA1: 0.644272,-0.00852867,0.0277498
OMEGA0: 0.644305,0.00817877,-0.0269445
OMEGA1: 0.644304,-0.00817922,0.0269449
OMEGA0: 0.644335,0.00777374,-0.026195
OMEGA1: 0.644335,-0.00777441,0.0261954
OMEGA0: 0.644362,0.00731834,-0.0255032
OMEGA1: 0.644362,-0.00731895,0.0255036
OMEGA0: 0.644387,0.006817,-0.0248715
OMEGA1: 0.644387,-0.00681764,0.0248718
OMEGA0: 0.64441,0.00627544,-0.0243023
OMEGA1: 0.64441,-0.00627609,0.0243027
OMEGA0: 0.644431,0.00569869,-0.0237972
OMEGA1: 0.64443,-0.0056994,0.0237975
OMEGA0: 0.644448,0.00509211,-0.0233575
OMEGA1: 0.644448,-0.00509293,0.0233578
OMEGA0: 0.644463,0.00446099,-0.0229847
OMEGA1: 0.644463,-0.00446182,0.0229849
OMEGA0: 0.644475,0.0038102,-0.0226793
OMEGA1: 0.644475,-0.00381103,0.0226795
OMEGA0: 0.644485,0.0031453,-0.0224418
OMEGA1: 0.644485,-0.00314616,0.0224419
OMEGA0: 0.644491,0.00247133,-0.0222724
OMEGA1: 0.644492,-0.00247221,0.0222725
OMEGA0: 0.644495,0.00179338,-0.0221712
OMEGA1: 0.644496,-0.00179429,0.0221713
OMEGA0: 0.644497,0.00111655,-0.0221377
OMEGA1: 0.644497,-0.00111749,0.0221377
OMEGA0: 0.644496,0.000445759,-0.0221712
OMEGA1: 0.644496,-0.000446721,0.0221711
OMEGA0: 0.644492,-0.000214072,-0.0222709
OMEGA1: 0.644492,0.000213037,0.0222709
OMEGA0: 0.644485,-0.000858093,-0.0224357
OMEGA1: 0.644485,0.000857058,0.0224355
OMEGA0: 0.644476,-0.00148111,-0.0226638
OMEGA1: 0.644476,0.00148002,0.0226635
OMEGA0: 0.644464,-0.00207893,-0.0229538
OMEGA1: 0.644464,0.00207783,0.0229534
OMEGA0: 0.64445,-0.0026465,-0.0233034
OMEGA1: 0.64445,0.00264534,0.023303
OMEGA0: 0.644434,-0.00317982,-0.0237107
OMEGA1: 0.644434,0.00317874,0.0237102
OMEGA0: 0.644416,-0.00367406,-0.0241727
OMEGA1: 0.644416,0.00367308,0.0241722
OMEGA0: 0.644395,-0.00412567,-0.0246873
OMEGA1: 0.644395,0.00412457,0.0246868
OMEGA0: 0.644372,-0.00452974,-0.025251
OMEGA1: 0.644372,0.00452879,0.0252504
OMEGA0: 0.644348,-0.00488316,-0.025861
OMEGA1: 0.644348,0.00488206,0.0258602
OMEGA0: 0.644322,-0.00518165,-0.0265134
OMEGA1: 0.644322,0.00518062,0.0265126
OMEGA0: 0.644294,-0.00542132,-0.0272043
OMEGA1: 0.644294,0.00542041,0.0272035
OMEGA0: 0.644265,-0.00559949,-0.0279305
OMEGA1: 0.644265,0.00559865,0.0279297
OMEGA0: 0.644235,-0.00571214,-0.0286869
OMEGA1: 0.644235,0.0057112,0.0286859
OMEGA0: 0.644204,-0.00575666,-0.0294692
OMEGA1: 0.644204,0.00575576,0.0294682
OMEGA0: 0.644171,-0.00572993,-0.0302726
OMEGA1: 0.644172,0.0057291,0.0302713
OMEGA0: 0.644138,-0.00562997,-0.0310935
OMEGA1: 0.644139,0.00562911,0.0310919
OMEGA0: 0.644105,-0.00545388,-0.0319255
OMEGA1: 0.644106,0.00545322,0.0319242
OMEGA0: 0.644072,-0.00519957,-0.0327623
OMEGA1: 0.644072,0.00519882,0.0327606
OMEGA0: 0.644039,-0.00486555,-0.0336003
OMEGA1: 0.644038,0.00486499,0.0335986
OMEGA0: 0.644005,-0.00445025,-0.0344327
OMEGA1: 0.644005,0.00444972,0.0344306
OMEGA0: 0.643972,-0.0039525,-0.0352533
OMEGA1: 0.643972,0.00395206,0.0352513
OMEGA0: 0.64394,-0.00337127,-0.0360553
OMEGA1: 0.64394,0.00337098,0.0360531
OMEGA0: 0.643909,-0.00270635,-0.0368346
OMEGA1: 0.643909,0.00270616,0.0368324
OMEGA0: 0.643879,-0.00195759,-0.0375824
OMEGA1: 0.643879,0.00195755,0.0375801
OMEGA0: 0.643851,-0.00112533,-0.0382926
OMEGA1: 0.643851,0.00112541,0.0382902
OMEGA0: 0.643824,-0.000209961,-0.0389592
OMEGA1: 0.643824,0.000210287,0.0389566
OMEGA0: 0.643799,0.000786615,-0.0395738
OMEGA1: 0.643799,-0.00078624,0.0395708
OMEGA0: 0.643777,0.00186337,-0.0401299
OMEGA1: 0.643778,-0.00186257,0.0401272
OMEGA0: 0.643758,0.00301796,-0.0406208
OMEGA1: 0.643758,-0.00301715,0.0406179
OMEGA0: 0.643741,0.00424793,-0.0410391
OMEGA1: 0.643741,-0.00424675,0.0410361
OMEGA0: 0.643727,0.00554971,-0.0413772
OMEGA1: 0.643727,-0.00554853,0.0413743
OMEGA0: 0.643717,0.00691994,-0.0416281
OMEGA1: 0.643718,-0.00691864,0.0416252
OMEGA0: 0.643711,0.00835438,-0.0417846
OMEGA1: 0.643711,-0.00835281,0.0417817
OMEGA0: 0.643709,0.00984829,-0.0418398
OMEGA1: 0.643709,-0.00984638,0.0418368
OMEGA0: 0.643711,0.0113959,-0.0417862
OMEGA1: 0.643711,-0.0113937,0.0417834
OMEGA0: 0.643718,0.012991,-0.0416173
OMEGA1: 0.643718,-0.0129885,0.0416146
OMEGA0: 0.643729,0.0146284,-0.041327
OMEGA1: 0.64373,-0.0146257,0.0413243
OMEGA0: 0.643746,0.016299,-0.0409076
OMEGA1: 0.643746,-0.016296,0.0409045
OMEGA0: 0.643768,0.017995,-0.0403532
OMEGA1: 0.643769,-0.0179919,0.0403508
OMEGA0: 0.643796,0.0197099,-0.0396589
OMEGA1: 0.643796,-0.0197065,0.0396564
OMEGA0: 0.64383,0.0214323,-0.0388182
OMEGA1: 0.64383,-0.0214288,0.038816
OMEGA0: 0.64387,0.0231535,-0.0378264
OMEGA1: 0.64387,-0.0231496,0.0378245
OMEGA0: 0.643915,0.0248625,-0.0366794
OMEGA1: 0.643915,-0.0248582,0.0366776
OMEGA0: 0.643967,0.0265488,-0.0353726
OMEGA1: 0.643968,-0.0265442,0.0353708
OMEGA0: 0.644026,0.0282003,-0.0339027
OMEGA1: 0.644026,-0.0281954,0.0339013
OMEGA0: 0.644092,0.0298049,-0.032267
OMEGA1: 0.644092,-0.0297997,0.0322658
OMEGA0: 0.644164,0.0313497,-0.0304636
OMEGA1: 0.644164,-0.0313444,0.0304628
OMEGA0: 0.644243,0.0328229,-0.028491
OMEGA1: 0.644243,-0.0328172,0.0284907
OMEGA0: 0.644329,0.0342064,-0.026349
OMEGA1: 0.644329,-0.0342004,0.0263491
OMEGA0: 0.644421,0.0354899,-0.0240379
OMEGA1: 0.644421,-0.0354838,0.0240381
OMEGA0: 0.64452,0.0366564,-0.0215594
OMEGA1: 0.64452,-0.03665,0.0215601
OMEGA0: 0.644626,0.037691,-0.0189159
OMEGA1: 0.644626,-0.0376846,0.0189171
OMEGA0: 0.644738,0.0385791,-0.0161112
OMEGA1: 0.644738,-0.0385726,0.0161128
OMEGA0: 0.644857,0.0393032,-0.01315
OMEGA1: 0.644856,-0.0392968,0.0131519
OMEGA0: 0.644981,0.0398498,-0.0100374
OMEGA1: 0.644981,-0.0398431,0.0100401
OMEGA0: 0.645111,0.0402011,-0.00678191
OMEGA1: 0.645111,-0.0401943,0.0067849
OMEGA0: 0.645247,0.0403402,-0.0033918
OMEGA1: 0.645247,-0.0403335,0.00339577
OMEGA0: 0.645387,0.0402522,0.000122656
OMEGA1: 0.645387,-0.0402456,-0.000118432
OMEGA0: 0.645533,0.0399213,0.0037513
OMEGA1: 0.645533,-0.0399147,-0.00374618
OMEGA0: 0.645682,0.0393312,0.00748047
OMEGA1: 0.645682,-0.0393246,-0.00747441
OMEGA0: 0.645835,0.0384663,0.0112954
OMEGA1: 0.645834,-0.0384599,-0.0112889
OMEGA0: 0.64599,0.037312,0.0151809
OMEGA1: 0.64599,-0.0373058,-0.0151737
OMEGA0: 0.646147,0.0358533,0.0191183
OMEGA1: 0.646147,-0.0358472,-0.0191101
OMEGA0: 0.646306,0.0340779,0.0230907
OMEGA1: 0.646306,-0.034072,-0.0230819
OMEGA0: 0.646466,0.0319719,0.0270763
OMEGA1: 0.646465,-0.0319664,-0.0270669
OMEGA0: 0.646625,0.0295236,0.0310527
OMEGA1: 0.646624,-0.0295185,-0.0310428
OMEGA0: 0.646782,0.0267225,0.0349962
OMEGA1: 0.646782,-0.0267179,-0.0349855
OMEGA0: 0.646938,0.0235592,0.0388824
OMEGA1: 0.646938,-0.0235552,-0.0388713
OMEGA0: 0.64709,0.0200257,0.0426837
OMEGA1: 0.64709,-0.0200224,-0.0426718
OMEGA0: 0.647238,0.0161154,0.0463718
OMEGA1: 0.647237,-0.0161129,-0.0463593
OMEGA0: 0.64738,0.0118242,0.0499178
OMEGA1: 0.647379,-0.0118224,-0.0499049
OMEGA0: 0.647515,0.00714895,0.0532904
OMEGA1: 0.647514,-0.00714788,-0.053277
OMEGA0: 0.647641,0.00208955,0.0564561
OMEGA1: 0.647641,-0.0020894,-0.0564422
OMEGA0: 0.647758,-0.00335264,0.0593835
OMEGA1: 0.647758,0.00335189,-0.0593691
OMEGA0: 0.647864,-0.00917326,0.0620372
OMEGA1: 0.647864,0.00917182,-0.0620227
OMEGA0: 0.647958,-0.0153661,0.0643828
OMEGA1: 0.647958,0.0153633,-0.0643677
OMEGA0: 0.648039,-0.021921,0.0663835
OMEGA1: 0.648038,0.0219173,-0.0663683
OMEGA0: 0.648103,-0.0288255,0.0680025
OMEGA1: 0.648103,0.0288207,-0.0679872
OMEGA0: 0.648151,-0.0360647,0.0692041
OMEGA1: 0.648151,0.0360588,-0.0691886
OMEGA0: 0.648181,-0.0436196,0.0699508
OMEGA1: 0.648181,0.0436123,-0.0699352
OMEGA0: 0.648191,-0.051467,0.0702048
OMEGA1: 0.648191,0.0514586,-0.0701893
OMEGA0: 0.648181,-0.0595845,0.0699327
OMEGA1: 0.64818,0.0595747,-0.0699173
OMEGA0: 0.648148,-0.0679409,0.0690965
OMEGA1: 0.648147,0.0679298,-0.0690813
OMEGA0: 0.64809,-0.0765025,0.067661
OMEGA1: 0.64809,0.0764901,-0.067646
OMEGA0: 0.648008,-0.0852336,0.0655931
OMEGA1: 0.648007,0.0852197,-0.0655784
OMEGA0: 0.647898,-0.0940938,0.0628612
OMEGA1: 0.647898,0.0940787,-0.062847
OMEGA0: 0.647762,-0.103039,0.0594355
OMEGA1: 0.647761,0.103023,-0.0594219
OMEGA0: 0.647596,-0.112022,0.0552882
OMEGA1: 0.647596,0.112004,-0.0552754
OMEGA0: 0.6474,-0.120989,0.0503947
OMEGA1: 0.6474,0.12097,-0.0503828
OMEGA0: 0.647174,-0.129887,0.0447341
OMEGA1: 0.647174,0.129867,-0.0447231
OMEGA0: 0.646917,-0.138655,0.0382881
OMEGA1: 0.646916,0.138634,-0.0382783
OMEGA0: 0.646627,-0.147232,0.0310432
OMEGA1: 0.646626,0.14721,-0.0310346
OMEGA0: 0.646305,-0.155552,0.0229906
OMEGA1: 0.646305,0.155528,-0.0229832
OMEGA0: 0.645951,-0.163547,0.0141258
OMEGA1: 0.64595,0.163522,-0.0141198
OMEGA0: 0.645564,-0.171144,0.00445055
OMEGA1: 0.645563,0.171119,-0.00444599
OMEGA0: 0.645145,-0.178271,-0.00602797
OMEGA1: 0.645145,0.178245,0.00603088
OMEGA0: 0.644694,-0.184853,-0.0172956
OMEGA1: 0.644694,0.184826,0.0172969
OMEGA0: 0.644213,-0.190813,-0.0293322
OMEGA1: 0.644213,0.190785,0.0293317
OMEGA0: 0.643702,-0.196073,-0.0421095
OMEGA1: 0.643702,0.196045,0.0421072
OMEGA0: 0.643163,-0.200556,-0.055592
OMEGA1: 0.643163,0.200528,0.0555879
OMEGA0: 0.642598,-0.204185,-0.0697367
OMEGA1: 0.642598,0.204157,0.0697307
OMEGA0: 0.642008,-0.206885,-0.0844916
OMEGA1: 0.642008,0.206857,0.0844836
OMEGA0: 0.641396,-0.208581,-0.0997966
OMEGA1: 0.641396,0.208552,0.0997866
OMEGA0: 0.640765,-0.209204,-0.115584
OMEGA1: 0.640766,0.209177,0.115572
OMEGA0: 0.640115,-0.208681,-0.131773
OMEGA1: 0.640116,0.208653,0.13176
OMEGA0: 0.639456,-0.206962,-0.148283
OMEGA1: 0.639456,0.206936,0.148268
OMEGA0: 0.638787,-0.203985,-0.165018
OMEGA1: 0.638787,0.20396,0.165001
OMEGA0: 0.638113,-0.199705,-0.181876
OMEGA1: 0.638114,0.19968,0.181857
OMEGA0: 0.637438,-0.194079,-0.198746
OMEGA1: 0.637439,0.194056,0.198726
OMEGA0: 0.636768,-0.187077,-0.215514
OMEGA1: 0.636769,0.187056,0.215493
OMEGA0: 0.636107,-0.178679,-0.232055
OMEGA1: 0.636108,0.178659,0.232033
OMEGA0: 0.63546,-0.168876,-0.248242
OMEGA1: 0.635461,0.168858,0.248218
OMEGA0: 0.634833,-0.157672,-0.263941
OMEGA1: 0.634834,0.157655,0.263917
OMEGA0: 0.63423,-0.145082,-0.279018
OMEGA1: 0.634231,0.145068,0.278993
OMEGA0: 0.633658,-0.131138,-0.293334
OMEGA1: 0.633659,0.131125,0.293308
OMEGA0: 0.633121,-0.115885,-0.30675
OMEGA1: 0.633122,0.115875,0.306725
OMEGA0: 0.632626,-0.099384,-0.319136
OMEGA1: 0.632627,0.0993751,0.319112
OMEGA0: 0.632178,-0.0817089,-0.330356
OMEGA1: 0.632179,0.0817019,0.330332
OMEGA0: 0.631781,-0.0629514,-0.340283
OMEGA1: 0.631783,0.0629462,0.340259
OMEGA0: 0.631441,-0.0432163,-0.348797
OMEGA1: 0.631443,0.0432128,0.348774
OMEGA0: 0.631163,-0.0226233,-0.355786
OMEGA1: 0.631164,0.0226213,0.355764
OMEGA0: 0.630949,-0.00130567,-0.361151
OMEGA1: 0.63095,0.00130527,0.361131
OMEGA0: 0.630803,0.0205904,-0.364805
OMEGA1: 0.630804,-0.0205896,0.364786
OMEGA0: 0.630729,0.0429084,-0.366674
OMEGA1: 0.63073,-0.0429067,0.366657
OMEGA0: 0.630729,0.0654818,-0.366704
OMEGA1: 0.63073,-0.0654793,0.366689
OMEGA0: 0.630804,0.0881378,-0.364855
OMEGA1: 0.630805,-0.0881348,0.364843
OMEGA0: 0.630954,0.110697,-0.361108
OMEGA1: 0.630955,-0.110693,0.361098
OMEGA0: 0.631181,0.132977,-0.355463
OMEGA1: 0.631182,-0.132974,0.355454
OMEGA0: 0.631482,0.154797,-0.347939
OMEGA1: 0.631483,-0.154794,0.347932
OMEGA0: 0.631858,0.175974,-0.338576
OMEGA1: 0.631859,-0.175972,0.338571
OMEGA0: 0.632305,0.196335,-0.327436
OMEGA1: 0.632305,-0.196333,0.327434
OMEGA0: 0.632819,0.215709,-0.314598
OMEGA1: 0.632819,-0.215709,0.314597
OMEGA0: 0.633397,0.233938,-0.30016
OMEGA1: 0.633397,-0.233939,0.300161
OMEGA0: 0.634035,0.250874,-0.284239
OMEGA1: 0.634035,-0.250877,0.284241
OMEGA0: 0.634726,0.266384,-0.266965
OMEGA1: 0.634727,-0.266389,0.266968
OMEGA0: 0.635467,0.280351,-0.248483
OMEGA1: 0.635467,-0.280357,0.248488
OMEGA0: 0.636249,0.292673,-0.228951
OMEGA1: 0.636249,-0.292681,0.228956
OMEGA0: 0.637066,0.30327,-0.208534
OMEGA1: 0.637067,-0.30328,0.20854
OMEGA0: 0.637913,0.312078,-0.187406
OMEGA1: 0.637913,-0.31209,0.187412
OMEGA0: 0.63878,0.319054,-0.165743
OMEGA1: 0.63878,-0.319068,0.165749
OMEGA0: 0.639661,0.324176,-0.143723
OMEGA1: 0.639662,-0.324193,0.143729
OMEGA0: 0.64055,0.32744,-0.121527
OMEGA1: 0.640551,-0.327459,0.121533
OMEGA0: 0.641439,0.328862,-0.0993289
OMEGA1: 0.64144,-0.328883,0.0993333
OMEGA0: 0.64232,0.328474,-0.0772995
OMEGA1: 0.642321,-0.328497,0.0773029
OMEGA0: 0.643189,0.32633,-0.0556002
OMEGA1: 0.64319,-0.326354,0.0556023
OMEGA0: 0.644038,0.322496,-0.0343857
OMEGA1: 0.644039,-0.322521,0.0343863
OMEGA0: 0.644862,0.31705,-0.0137992
OMEGA1: 0.644863,-0.317077,0.0137981
OMEGA0: 0.645656,0.310088,0.00602799
OMEGA1: 0.645657,-0.310115,-0.00603081
OMEGA0: 0.646415,0.301711,0.0249774
OMEGA1: 0.646416,-0.301738,-0.024982
OMEGA0: 0.647134,0.292032,0.042944
OMEGA1: 0.647135,-0.29206,-0.0429506
OMEGA0: 0.647811,0.281171,0.059837
OMEGA1: 0.647811,-0.281199,-0.0598456
OMEGA0: 0.648441,0.269251,0.0755801
OMEGA1: 0.648442,-0.269279,-0.0755906
OMEGA0: 0.649022,0.256401,0.0901111
OMEGA1: 0.649024,-0.256429,-0.0901237
OMEGA0: 0.649554,0.242749,0.103382
OMEGA1: 0.649555,-0.242776,-0.103396
OMEGA0: 0.650033,0.228425,0.115358
OMEGA1: 0.650035,-0.228451,-0.115374
OMEGA0: 0.65046,0.213557,0.126018
OMEGA1: 0.650461,-0.213582,-0.126036
OMEGA0: 0.650834,0.198271,0.135353
OMEGA1: 0.650835,-0.198295,-0.135373
OMEGA0: 0.651155,0.182688,0.143367
OMEGA1: 0.651157,-0.182711,-0.143388
OMEGA0: 0.651424,0.166926,0.150073
OMEGA1: 0.651425,-0.166948,-0.150096
OMEGA0: 0.651641,0.151096,0.155495
OMEGA1: 0.651643,-0.151116,-0.155519
OMEGA0: 0.651808,0.135304,0.159666
OMEGA1: 0.65181,-0.135322,-0.15969
OMEGA0: 0.651926,0.119648,0.162625
OMEGA1: 0.651928,-0.119664,-0.16265
OMEGA0: 0.651998,0.104219,0.16442
OMEGA1: 0.652,-0.104234,-0.164447
OMEGA0: 0.652027,0.0891025,0.165106
OMEGA1: 0.652028,-0.0891153,-0.165133
OMEGA0: 0.652012,0.0743726,0.164739
OMEGA1: 0.652014,-0.0743836,-0.164767
OMEGA0: 0.651958,0.0600982,0.163382
OMEGA1: 0.65196,-0.0601075,-0.16341
OMEGA0: 0.651867,0.0463398,0.161101
OMEGA1: 0.651869,-0.0463472,-0.161129
OMEGA0: 0.651741,0.0331496,0.157962
OMEGA1: 0.651742,-0.0331549,-0.15799
OMEGA0: 0.651584,0.0205751,0.15404
OMEGA1: 0.651586,-0.0205788,-0.154068
OMEGA0: 0.651399,0.00865342,0.149403
OMEGA1: 0.651401,-0.00865526,-0.149431
OMEGA0: 0.651187,-0.00258553,0.144121
OMEGA1: 0.65119,0.00258534,-0.144148
OMEGA0: 0.650953,-0.0131174,0.138264
OMEGA1: 0.650956,0.0131188,-0.138291
OMEGA0: 0.650699,-0.0229239,0.131903
OMEGA1: 0.650701,0.022927,-0.13193
OMEGA0: 0.650428,-0.0319939,0.125107
OMEGA1: 0.65043,0.0319986,-0.125133
OMEGA0: 0.650141,-0.0403212,0.11794
OMEGA1: 0.650143,0.0403272,-0.117965
OMEGA0: 0.649842,-0.0479049,0.110469
OMEGA1: 0.649844,0.0479123,-0.110493
OMEGA0: 0.649534,-0.0547492,0.102756
OMEGA1: 0.649536,0.0547579,-0.102779
OMEGA0: 0.649218,-0.0608626,0.0948586
OMEGA1: 0.64922,0.0608724,-0.0948804
OMEGA0: 0.648897,-0.0662572,0.0868339
OMEGA1: 0.648899,0.0662681,-0.0868542
OMEGA0: 0.648573,-0.0709498,0.0787359
OMEGA1: 0.648575,0.0709617,-0.0787556
OMEGA0: 0.648248,-0.0749591,0.0706143
OMEGA1: 0.64825,0.074972,-0.0706328
OMEGA0: 0.647925,-0.0783088,0.0625175
OMEGA1: 0.647927,0.0783224,-0.0625348
OMEGA0: 0.647604,-0.0810215,0.0544869
OMEGA1: 0.647606,0.0810361,-0.0545032
OMEGA0: 0.647287,-0.0831257,0.0465638
OMEGA1: 0.647289,0.0831409,-0.0465788
OMEGA0: 0.646976,-0.0846487,0.0387839
OMEGA1: 0.646977,0.0846643,-0.0387976
OMEGA0: 0.646672,-0.0856221,0.0311824
OMEGA1: 0.646673,0.0856382,-0.0311949
OMEGA0: 0.646376,-0.086076,0.0237876
OMEGA1: 0.646378,0.0860924,-0.0237989
OMEGA0: 0.64609,-0.0860426,0.0166268
OMEGA1: 0.646091,0.0860592,-0.0166368
OMEGA0: 0.645813,-0.0855552,0.00972381
OMEGA1: 0.645815,0.0855722,-0.00973281
OMEGA0: 0.645549,-0.084648,0.00309985
OMEGA1: 0.64555,0.0846651,-0.00310758
OMEGA0: 0.645296,-0.0833521,-0.00322936
OMEGA1: 0.645297,0.0833691,0.00322276
OMEGA0: 0.645054,-0.0816981,-0.0092499
OMEGA1: 0.645056,0.0817152,0.00924444
OMEGA0: 0.644827,-0.0797278,-0.0149461
OMEGA1: 0.644828,0.0797452,0.0149416
OMEGA0: 0.644612,-0.0774664,-0.0203122
OMEGA1: 0.644613,0.0774837,0.0203087
OMEGA0: 0.644411,-0.0749476,-0.0253405
OMEGA1: 0.644412,0.0749647,0.025338
OMEGA0: 0.644224,-0.0722022,-0.0300268
OMEGA1: 0.644225,0.0722192,0.0300254
OMEGA0: 0.64405,-0.0692606,-0.0343689
OMEGA1: 0.644051,0.0692775,0.0343684
OMEGA0: 0.64389,-0.066152,-0.0383668
OMEGA1: 0.643891,0.0661687,0.0383673
OMEGA0: 0.643744,-0.0629046,-0.0420223
OMEGA1: 0.643745,0.0629211,0.0420237
OMEGA0: 0.643611,-0.0595453,-0.045339
OMEGA1: 0.643613,0.0595616,0.0453412
OMEGA0: 0.643492,-0.0560998,-0.0483222
OMEGA1: 0.643493,0.0561158,0.0483252
OMEGA0: 0.643386,-0.0525928,-0.0509781
OMEGA1: 0.643387,0.0526085,0.0509821
OMEGA0: 0.643292,-0.049047,-0.0533152
OMEGA1: 0.643293,0.0490624,0.05332
OMEGA0: 0.643211,-0.0454844,-0.0553426
OMEGA1: 0.643212,0.0454996,0.0553482
OMEGA0: 0.643142,-0.0419253,-0.0570705
OMEGA1: 0.643143,0.0419402,0.0570768
OMEGA0: 0.643085,-0.0383884,-0.0585096
OMEGA1: 0.643086,0.0384029,0.0585169
OMEGA0: 0.643038,-0.0348912,-0.0596724
OMEGA1: 0.643039,0.0349053,0.0596804
OMEGA0: 0.643002,-0.0314498,-0.0605711
OMEGA1: 0.643003,0.0314636,0.0605798
OMEGA0: 0.642977,-0.0280796,-0.0612193
OMEGA1: 0.642977,0.0280929,0.0612288
OMEGA0: 0.64296,-0.0247933,-0.0616303
OMEGA1: 0.642961,0.0248061,0.0616405
OMEGA0: 0.642953,-0.0216027,-0.0618181
OMEGA1: 0.642953,0.0216151,0.061829
OMEGA0: 0.642954,-0.018519,-0.061797
OMEGA1: 0.642954,0.0185308,0.0618086
OMEGA0: 0.642962,-0.0155507,-0.0615806
OMEGA1: 0.642963,0.0155622,0.0615931
OMEGA0: 0.642978,-0.0127073,-0.0611846
OMEGA1: 0.642979,0.012718,0.0611978
OMEGA0: 0.643,-0.00999464,-0.0606226
OMEGA1: 0.643001,0.0100046,0.0606363
OMEGA0: 0.643029,-0.00741909,-0.0599095
OMEGA1: 0.64303,0.00742855,0.0599241
OMEGA0: 0.643063,-0.00498501,-0.059059
OMEGA1: 0.643063,0.00499387,0.0590743
OMEGA0: 0.643102,-0.00269562,-0.0580836
OMEGA1: 0.643102,0.00270371,0.0580996
OMEGA0: 0.643145,-0.000554397,-0.0569997
OMEGA1: 0.643146,0.000561738,0.0570165
OMEGA0: 0.643193,0.00143743,-0.0558188
OMEGA1: 0.643193,-0.00143098,0.0558362
OMEGA0: 0.643243,0.00327934,-0.0545537
OMEGA1: 0.643244,-0.00327377,0.0545716
OMEGA0: 0.643296,0.00497099,-0.0532177
OMEGA1: 0.643297,-0.00496636,0.0532361
OMEGA0: 0.643352,0.00651313,-0.0518243
OMEGA1: 0.643353,-0.0065094,0.0518436
OMEGA0: 0.64341,0.00790745,-0.0503822
OMEGA1: 0.643411,-0.00790485,0.0504017
OMEGA0: 0.643469,0.00915639,-0.0489039
OMEGA1: 0.643469,-0.00915471,0.0489242
OMEGA0: 0.643529,0.0102623,-0.0473994
OMEGA1: 0.64353,-0.010262,0.0474202
OMEGA0: 0.64359,0.0112291,-0.0458801
OMEGA1: 0.64359,-0.0112299,0.0459015
OMEGA0: 0.643651,0.0120602,-0.044354
OMEGA1: 0.643651,-0.0120622,0.0443759
OMEGA0: 0.643712,0.01276,-0.0428309
OMEGA1: 0.643712,-0.0127635,0.042853
OMEGA0: 0.643773,0.0133336,-0.0413191
OMEGA1: 0.643773,-0.0133384,0.0413412
OMEGA0: 0.643832,0.0137849,-0.0398239
OMEGA1: 0.643833,-0.013791,0.0398465
OMEGA0: 0.643891,0.0141211,-0.0383572
OMEGA1: 0.643891,-0.0141289,0.03838
OMEGA0: 0.643948,0.0143466,-0.0369224
OMEGA1: 0.643949,-0.0143559,0.0369452
OMEGA0: 0.644004,0.0144675,-0.035526
OMEGA1: 0.644005,-0.0144784,0.0355487
OMEGA0: 0.644058,0.0144897,-0.0341735
OMEGA1: 0.644059,-0.0145023,0.0341962
OMEGA0: 0.644111,0.0144189,-0.0328697
OMEGA1: 0.644111,-0.0144333,0.0328924
OMEGA0: 0.644161,0.0142625,-0.03162
OMEGA1: 0.644161,-0.0142786,0.0316421
OMEGA0: 0.644208,0.0140261,-0.0304272
OMEGA1: 0.644209,-0.014044,0.0304489
OMEGA0: 0.644254,0.0137159,-0.0292953
OMEGA1: 0.644254,-0.0137357,0.0293163
OMEGA0: 0.644296,0.0133385,-0.0282266
OMEGA1: 0.644297,-0.0133601,0.0282473
OMEGA0: 0.644336,0.0128998,-0.0272241
OMEGA1: 0.644337,-0.0129235,0.027244
OMEGA0: 0.644374,0.0124067,-0.0262897
OMEGA1: 0.644374,-0.0124323,0.0263086
OMEGA0: 0.644408,0.0118653,-0.0254248
OMEGA1: 0.644409,-0.0118929,0.0254426
OMEGA0: 0.64444,0.0112813,-0.0246308
OMEGA1: 0.644441,-0.011311,0.0246472
OMEGA0: 0.644469,0.0106614,-0.0239079
OMEGA1: 0.644469,-0.010693,0.0239234
OMEGA0: 0.644495,0.0100107,-0.023257
OMEGA1: 0.644496,-0.0100443,0.0232707
OMEGA0: 0.644518,0.0093349,-0.0226782
OMEGA1: 0.644519,-0.00937036,0.0226902
OMEGA0: 0.644539,0.00864,-0.0221706
OMEGA1: 0.644539,-0.00867799,0.0221805
OMEGA0: 0.644556,0.0079316,-0.0217336
OMEGA1: 0.644557,-0.00797125,0.0217416
OMEGA0: 0.644571,0.00721453,-0.0213667
OMEGA1: 0.644572,-0.0072561,0.0213723
OMEGA0: 0.644583,0.00649376,-0.0210683
OMEGA1: 0.644584,-0.00653716,0.0210714
OMEGA0: 0.644592,0.00577462,-0.0208375
OMEGA1: 0.644593,-0.00581953,0.0208374
OMEGA0: 0.644599,0.00506123,-0.0206719
OMEGA1: 0.6446,-0.00510745,0.0206691
OMEGA0: 0.644602,0.00435796,-0.0205695
OMEGA1: 0.644604,-0.00440554,0.020564
OMEGA0: 0.644604,0.00366977,-0.0205287
OMEGA1: 0.644606,-0.00371856,0.0205198
OMEGA0: 0.644604,0.00299978,-0.0205472
OMEGA1: 0.644605,-0.00304955,0.0205344
OMEGA0: 0.6446,0.00235224,-0.0206217
OMEGA1: 0.644602,-0.00240294,0.0206054
OMEGA0: 0.644595,0.00173077,-0.02075
OMEGA1: 0.644597,-0.00178207,0.0207297
OMEGA0: 0.644588,0.00113877,-0.0209288
OMEGA1: 0.64459,-0.00119045,0.0209047
OMEGA0: 0.644579,0.000579265,-0.021156
OMEGA1: 0.644581,-0.000631079,0.0211274
OMEGA0: 0.644568,5.50874e-05,-0.0214271
OMEGA1: 0.644571,-0.000106564,0.0213943
OMEGA0: 0.644556,-0.000431285,-0.0217402
OMEGA1: 0.644558,0.000380246,0.021703
OMEGA0: 0.644542,-0.00087699,-0.0220912
OMEGA1: 0.644544,0.000826496,0.0220495
OMEGA0: 0.644526,-0.00127982,-0.0224773
OMEGA1: 0.644529,0.00123052,0.0224304
OMEGA0: 0.644509,-0.00163761,-0.0228933
OMEGA1: 0.644513,0.00158954,0.0228414
OMEGA0: 0.644492,-0.00194907,-0.0233377
OMEGA1: 0.644495,0.00190276,0.0232805
OMEGA0: 0.644473,-0.00221204,-0.0238055
OMEGA1: 0.644477,0.00216801,0.0237437
OMEGA0: 0.644454,-0.00242504,-0.0242924
OMEGA1: 0.644457,0.00238373,0.0242258
OMEGA0: 0.644433,-0.0025879,-0.0247976
OMEGA1: 0.644437,0.0025495,0.0247256
OMEGA0: 0.644413,-0.00269869,-0.0253131
OMEGA1: 0.644417,0.00266381,0.0252362
OMEGA0: 0.644392,-0.00275682,-0.0258378
OMEGA1: 0.644396,0.002726,0.0257566
OMEGA0: 0.644371,-0.00276212,-0.026367
OMEGA1: 0.644375,0.00273559,0.0262808
OMEGA0: 0.644349,-0.00271414,-0.0268957
OMEGA1: 0.644354,0.00269239,0.026805
OMEGA0: 0.644328,-0.00261259,-0.0274224
OMEGA1: 0.644333,0.00259623,0.0273266
OMEGA0: 0.644308,-0.00245802,-0.0279405
OMEGA1: 0.644313,0.00244741,0.0278404
OMEGA0: 0.644287,-0.00225044,-0.0284477
OMEGA1: 0.644293,0.00224624,0.0283434
OMEGA0: 0.644268,-0.0019907,-0.028939
OMEGA1: 0.644273,0.00199342,0.0288309
OMEGA0: 0.644249,-0.00167972,-0.0294106
OMEGA1: 0.644255,0.00168979,0.0292987
OMEGA0: 0.644231,-0.00131845,-0.0298591
OMEGA1: 0.644237,0.00133603,0.0297445
OMEGA0: 0.644214,-0.000907803,-0.0302805
OMEGA1: 0.64422,0.000933831,0.0301629
OMEGA0: 0.644199,-0.000450346,-0.0306695
OMEGA1: 0.644205,0.000484931,0.0305498
OMEGA0: 0.644184,5.28757e-05,-0.0310237
OMEGA1: 0.64419,-9.24962e-06,0.0309023
OMEGA0: 0.644172,0.000599984,-0.0313393
OMEGA1: 0.644178,-0.000546587,0.0312164
OMEGA0: 0.644161,0.00118777,-0.0316111
OMEGA1: 0.644167,-0.00112415,0.0314875
OMEGA0: 0.644152,0.00181489,-0.0318374
OMEGA1: 0.644158,-0.0017411,0.031714
OMEGA0: 0.644145,0.00247739,-0.032013
OMEGA1: 0.644151,-0.00239285,0.0318902
OMEGA0: 0.64414,0.00317285,-0.0321352
OMEGA1: 0.644146,-0.00307696,0.0320138
OMEGA0: 0.644137,0.00389781,-0.0322006
OMEGA1: 0.644144,-0.00379053,0.0320814
OMEGA0: 0.644137,0.00464883,-0.0322059
OMEGA1: 0.644143,-0.00453033,0.03209
OMEGA0: 0.644139,0.00542212,-0.0321484
OMEGA1: 0.644145,-0.00529125,0.0320361
OMEGA0: 0.644145,0.00621331,-0.0320245
OMEGA1: 0.64415,-0.00607056,0.0319171
OMEGA0: 0.644152,0.00701704,-0.0318317
OMEGA1: 0.644157,-0.00686262,0.0317303
OMEGA0: 0.644162,0.00783052,-0.0315677
OMEGA1: 0.644168,-0.00766384,0.0314731
OMEGA0: 0.644176,0.00864782,-0.0312302
OMEGA1: 0.644181,-0.00846913,0.0311433
OMEGA0: 0.644193,0.00946371,-0.0308173
OMEGA1: 0.644197,-0.00927282,0.0307393
OMEGA0: 0.644212,0.0102731,-0.0303269
OMEGA1: 0.644216,-0.0100706,0.030259
OMEGA0: 0.644235,0.0110701,-0.0297578
OMEGA1: 0.644239,-0.0108561,0.029701
OMEGA0: 0.644261,0.0118488,-0.0291086
OMEGA1: 0.644264,-0.0116237,0.0290643
OMEGA0: 0.64429,0.012603,-0.028379
OMEGA1: 0.644293,-0.0123671,0.028348
OMEGA0: 0.644323,0.0133268,-0.0275681
OMEGA1: 0.644325,-0.0130809,0.0275518
OMEGA0: 0.644358,0.0140131,-0.026676
OMEGA1: 0.64436,-0.013758,0.0266754
OMEGA0: 0.644397,0.014656,-0.025703
OMEGA1: 0.644398,-0.0143916,0.0257196
OMEGA0: 0.644439,0.0152478,-0.02465
OMEGA1: 0.644439,-0.0149758,0.0246847
OMEGA0: 0.644485,0.0157814,-0.0235184
OMEGA1: 0.644484,-0.0155024,0.0235722
OMEGA0: 0.644533,0.0162504,-0.0223096
OMEGA1: 0.644531,-0.0159661,0.0223835
OMEGA0: 0.644584,0.0166471,-0.0210257
OMEGA1: 0.644582,-0.0163568,0.021122
OMEGA0: 0.644639,0.0169641,-0.0196702
OMEGA1: 0.644635,-0.0166709,0.0197885
OMEGA0: 0.644696,0.0171942,-0.0182457
OMEGA1: 0.644691,-0.0168988,0.0183878
OMEGA0: 0.644755,0.0173297,-0.0167568
OMEGA1: 0.64475,-0.0170338,0.0169234
OMEGA0: 0.644817,0.0173637,-0.0152076
OMEGA1: 0.644811,-0.0170687,0.0153995
OMEGA0: 0.644881,0.0172886,-0.0136033
OMEGA1: 0.644874,-0.0169963,0.0138215
OMEGA0: 0.644948,0.0170973,-0.0119498
OMEGA1: 0.644939,-0.0168096,0.012195
OMEGA0: 0.645015,0.016783,-0.0102533
OMEGA1: 0.645006,-0.0165015,0.0105265
OMEGA0: 0.645084,0.0163389,-0.0085207
OMEGA1: 0.645074,-0.0160663,0.00882143
OMEGA0: 0.645155,0.0157579,-0.00676041
OMEGA1: 0.645143,-0.0154961,0.00708966
OMEGA0: 0.645226,0.0150341,-0.00498077
OMEGA1: 0.645213,-0.0147856,0.00533804
OMEGA0: 0.645298,0.0141615,-0.00319075
OMEGA1: 0.645284,-0.0139284,0.00357689
OMEGA0: 0.645369,0.0131352,-0.0013993
OMEGA1: 0.645354,-0.0129198,0.00181423
OMEGA0: 0.645441,0.0119493,0.000382047
OMEGA1: 0.645424,-0.0117543,6.13504e-05
OMEGA0: 0.645511,0.0105996,0.00214209
OMEGA1: 0.645493,-0.0104277,-0.00167091
OMEGA0: 0.64558,0.00908239,0.00387006
OMEGA1: 0.645561,-0.00893605,-0.00337045
OMEGA0: 0.645648,0.00739428,0.00555169
OMEGA1: 0.645628,-0.00727631,-0.0050262
OMEGA0: 0.645713,0.00553271,0.00717625
OMEGA1: 0.645692,-0.00544605,-0.00662439
OMEGA0: 0.645774,0.00349634,0.00872716
OMEGA1: 0.645753,-0.00344314,-0.00815183
OMEGA0: 0.645833,0.0012835,0.0101936
OMEGA1: 0.645811,-0.00126745,-0.00959416
OMEGA0: 0.645888,-0.00110496,0.0115578
OMEGA1: 0.645864,0.00108163,-0.010937
OMEGA0: 0.645938,-0.00366848,0.0128066
OMEGA1: 0.645913,0.00360296,-0.0121663
OMEGA0: 0.645982,-0.00640438,0.0139221
OMEGA1: 0.645957,0.00629374,-0.0132643
OMEGA0: 0.646021,-0.00931038,0.0148905
OMEGA1: 0.645996,0.00915187,-0.0142177
OMEGA0: 0.646053,-0.0123811,0.0156935
OMEGA1: 0.646027,0.0121724,-0.0150087
OMEGA0: 0.646078,-0.015611,0.0163152
OMEGA1: 0.646052,0.0153498,-0.0156215
OMEGA0: 0.646095,-0.0189932,0.0167387
OMEGA1: 0.646068,0.0186769,-0.0160391
OMEGA0: 0.646103,-0.0225197,0.0169473
OMEGA1: 0.646077,0.0221461,-0.0162458
OMEGA0: 0.646102,-0.0261801,0.0169239
OMEGA1: 0.646076,0.0257469,-0.0162233
OMEGA0: 0.646092,-0.0299638,0.0166517
OMEGA1: 0.646065,0.0294693,-0.0159567
OMEGA0: 0.64607,-0.0338572,0.0161142
OMEGA1: 0.646044,0.0332997,-0.0154288
OMEGA0: 0.646037,-0.0378447,0.0152939
OMEGA1: 0.646012,0.037224,-0.0146235
OMEGA0: 0.645993,-0.0419135,0.0141762
OMEGA1: 0.645968,0.0412265,-0.0135249
OMEGA0: 0.645935,-0.0460434,0.0127457
OMEGA1: 0.645912,0.0452905,-0.0121185
OMEGA0: 0.645865,-0.0502178,0.0109877
OMEGA1: 0.645842,0.0493937,-0.0103889
OMEGA0: 0.645782,-0.0544134,0.00888801
OMEGA1: 0.64576,0.0535199,-0.0083235
OMEGA0: 0.645683,-0.0586055,0.00643332
OMEGA1: 0.645663,0.0576458,-0.00590979
OMEGA0: 0.64557,-0.0627725,0.00361237
OMEGA1: 0.645552,0.0617464,-0.0031357
OMEGA0: 0.645443,-0.0668877,0.000414889
OMEGA1: 0.645427,0.0657966,8.68458e-06
OMEGA0: 0.6453,-0.0709237,-0.00316799
OMEGA1: 0.645286,0.0697692,0.00353251
OMEGA0: 0.645141,-0.0748512,-0.00714358
OMEGA1: 0.645129,0.0736354,0.00744293
OMEGA0: 0.644965,-0.0786394,-0.011517
OMEGA1: 0.644957,0.077365,0.0117454
OMEGA0: 0.644775,-0.0822566,-0.0162927
OMEGA1: 0.644769,0.0809266,0.0164433
OMEGA0: 0.644567,-0.0856692,-0.0214712
OMEGA1: 0.644566,0.084287,0.0215381
OMEGA0: 0.644344,-0.0888425,-0.0270516
OMEGA1: 0.644346,0.0874128,0.0270288
OMEGA0: 0.644105,-0.0917398,-0.0330307
OMEGA1: 0.644111,0.0902676,0.0329119
OMEGA0: 0.64385,-0.0943256,-0.0394019
OMEGA1: 0.64386,0.0928168,0.039182
OMEGA0: 0.64358,-0.0965609,-0.0461562
OMEGA1: 0.643594,0.0950217,0.0458297
OMEGA0: 0.643296,-0.0984123,-0.0532832
OMEGA1: 0.643315,0.0968508,0.0528456
OMEGA0: 0.642996,-0.0998335,-0.0607642
OMEGA1: 0.64302,0.0982547,0.0602099
OMEGA0: 0.642683,-0.10079,-0.0685822
OMEGA1: 0.642712,0.0992016,0.0679068
OMEGA0: 0.642358,-0.101243,-0.0767157
OMEGA1: 0.642392,0.0996534,0.075915
OMEGA0: 0.642022,-0.101154,-0.0851387
OMEGA1: 0.64206,0.0995715,0.0842088
OMEGA0: 0.641674,-0.100484,-0.0938199
OMEGA1: 0.641718,0.0989193,0.0927592
OMEGA0: 0.641318,-0.099198,-0.102727
OMEGA1: 0.641367,0.0976609,0.101534
OMEGA0: 0.640954,-0.0972597,-0.111824
OMEGA1: 0.641009,0.0957594,0.110496
OMEGA0: 0.640585,-0.0946349,-0.121067
OMEGA1: 0.640645,0.093183,0.119605
OMEGA0: 0.640211,-0.0912917,-0.130412
OMEGA1: 0.640277,0.0898992,0.128815
OMEGA0: 0.639835,-0.0872017,-0.139809
OMEGA1: 0.639906,0.0858797,0.138079
OMEGA0: 0.639459,-0.0823379,-0.149204
OMEGA1: 0.639536,0.0810975,0.147345
OMEGA0: 0.639086,-0.0766772,-0.158542
OMEGA1: 0.639168,0.0755303,0.156555
OMEGA0: 0.638717,-0.0702008,-0.16776
OMEGA1: 0.638804,0.0691581,0.165651
OMEGA0: 0.638356,-0.062893,-0.176792
OMEGA1: 0.638447,0.0619666,0.174568
OMEGA0: 0.638005,-0.0547444,-0.185574
OMEGA1: 0.638101,0.0539448,0.18324
OMEGA0: 0.637667,-0.0457496,-0.194031
OMEGA1: 0.637767,0.0450875,0.191596
OMEGA0: 0.637345,-0.0359097,-0.202091
OMEGA1: 0.637448,0.035395,0.199564
OMEGA0: 0.637042,-0.0252316,-0.209676
OMEGA1: 0.637148,0.0248737,0.207068
OMEGA0: 0.63676,-0.0137293,-0.216709
OMEGA1: 0.63687,0.0135366,0.214032
OMEGA0: 0.636505,-0.00142375,-0.22311
OMEGA1: 0.636616,0.001404,0.220376
OMEGA0: 0.636278,0.0116564,-0.228798
OMEGA1: 0.636391,-0.0114971,0.226021
OMEGA0: 0.636082,0.0254743,-0.233692
OMEGA1: 0.636196,-0.0251309,0.230888
OMEGA0: 0.635922,0.0399867,-0.237714
OMEGA1: 0.636036,-0.039455,0.234897
OMEGA0: 0.6358,0.0551381,-0.240782
OMEGA1: 0.635914,-0.0544169,0.237971
OMEGA0: 0.635719,0.0708656,-0.242819
OMEGA1: 0.635832,-0.0699552,0.240031
OMEGA0: 0.635681,0.0870989,-0.243755
OMEGA1: 0.635793,-0.0860015,0.241008
OMEGA0: 0.635692,0.103758,-0.243519
OMEGA1: 0.6358,-0.102477,0.240831
OMEGA0: 0.635751,0.120752,-0.242048
OMEGA1: 0.635857,-0.119295,0.239437
OMEGA0: 0.635861,0.137986,-0.239286
OMEGA1: 0.635964,-0.136359,0.236769
OMEGA0: 0.636026,0.155351,-0.235182
OMEGA1: 0.636124,-0.153565,0.232775
OMEGA0: 0.636246,0.172734,-0.229695
OMEGA1: 0.636339,-0.170803,0.227416
OMEGA0: 0.636522,0.190014,-0.222795
OMEGA1: 0.63661,-0.187953,0.220658
OMEGA0: 0.636856,0.207063,-0.214461
OMEGA1: 0.636937,-0.204889,0.21248
OMEGA0: 0.637248,0.223748,-0.204686
OMEGA1: 0.637322,-0.22148,0.202872
OMEGA0: 0.637697,0.239933,-0.193473
OMEGA1: 0.637764,-0.237592,0.191837
OMEGA0: 0.638203,0.255476,-0.180843
OMEGA1: 0.638263,-0.253085,0.179391
OMEGA0: 0.638764,0.270238,-0.166827
OMEGA1: 0.638816,-0.26782,0.165565
OMEGA0: 0.639379,0.284076,-0.151475
OMEGA1: 0.639423,-0.281656,0.150404
OMEGA0: 0.640044,0.296852,-0.13485
OMEGA1: 0.640081,-0.294456,0.133969
OMEGA0: 0.640758,0.30843,-0.117031
OMEGA1: 0.640787,-0.306083,0.116336
OMEGA0: 0.641515,0.318682,-0.0981137
OMEGA1: 0.641537,-0.316409,0.0975972
OMEGA0: 0.642312,0.327486,-0.0782075
OMEGA1: 0.642328,-0.325311,0.0778587
OMEGA0: 0.643144,0.33473,-0.0574369
OMEGA1: 0.643153,-0.332677,0.0572421
OMEGA0: 0.644005,0.340315,-0.03594
OMEGA1: 0.644008,-0.338406,0.0358823
OMEGA0: 0.644888,0.344155,-0.0138669
OMEGA1: 0.644887,-0.342408,0.0139266
OMEGA0: 0.645788,0.34618,0.00862156
OMEGA1: 0.645784,-0.344613,-0.00846661
OMEGA0: 0.646698,0.346336,0.0313556
OMEGA1: 0.646691,-0.344961,-0.0311298
OMEGA0: 0.647611,0.344589,0.0541583
OMEGA1: 0.647602,-0.343416,-0.0538881
OMEGA0: 0.64852,0.340922,0.0768484
OMEGA1: 0.648509,-0.339959,-0.0765604
OMEGA0: 0.649416,0.335341,0.0992427
OMEGA1: 0.649406,-0.334589,-0.0989645
OMEGA0: 0.650294,0.327869,0.121158
OMEGA1: 0.650285,-0.327328,-0.120917
OMEGA0: 0.651145,0.318553,0.142413
OMEGA1: 0.651139,-0.318216,-0.142237
OMEGA0: 0.651962,0.307457,0.162834
OMEGA1: 0.65196,-0.307316,-0.162749
OMEGA0: 0.65274,0.294666,0.182253
OMEGA1: 0.652743,-0.294708,-0.182285
OMEGA0: 0.653471,0.280284,0.200514
OMEGA1: 0.653479,-0.280491,-0.200684
OMEGA0: 0.654151,0.264429,0.217473
OMEGA1: 0.654165,-0.264783,-0.217801
OMEGA0: 0.654773,0.247237,0.233001
OMEGA1: 0.654794,-0.247714,-0.233504
OMEGA0: 0.655332,0.228854,0.246984
OMEGA1: 0.655361,-0.229431,-0.247675
OMEGA0: 0.655827,0.20944,0.259327
OMEGA1: 0.655864,-0.210091,-0.260216
OMEGA0: 0.656253,0.189162,0.269952
OMEGA1: 0.656298,-0.189859,-0.271045
OMEGA0: 0.656608,0.168192,0.278803
OMEGA1: 0.656661,-0.168907,-0.280101
OMEGA0: 0.65689,0.146707,0.28584
OMEGA1: 0.656951,-0.147413,-0.287342
OMEGA0: 0.657099,0.124885,0.291046
OMEGA1: 0.657168,-0.125553,-0.292747
OMEGA0: 0.657234,0.1029,0.29442
OMEGA1: 0.657312,-0.103505,-0.296311
OMEGA0: 0.657298,0.0809252,0.295984
OMEGA1: 0.657382,-0.0814428,-0.298051
OMEGA0: 0.65729,0.0591272,0.295772
OMEGA1: 0.657381,-0.0595349,-0.298
OMEGA0: 0.657214,0.0376646,0.293837
OMEGA1: 0.65731,-0.0379421,-0.29621
OMEGA0: 0.657071,0.0166868,0.290248
OMEGA1: 0.657171,-0.0168168,-0.292744
OMEGA0: 0.656865,-0.00366757,0.285085
OMEGA1: 0.65697,0.00369995,-0.287684
OMEGA0: 0.6566,-0.0232719,0.278442
OMEGA1: 0.656708,0.0234785,-0.281121
OMEGA0: 0.65628,-0.0420119,0.27042
OMEGA1: 0.65639,0.0424016,-0.273155
OMEGA0: 0.655909,-0.0597873,0.26113
OMEGA1: 0.65602,0.0603654,-0.263897
OMEGA0: 0.655492,-0.0765115,0.250688
OMEGA1: 0.655603,0.077281,-0.253464
OMEGA0: 0.655034,-0.0921113,0.239218
OMEGA1: 0.655145,0.0930725,-0.241979
OMEGA0: 0.65454,-0.106529,0.226843
OMEGA1: 0.654649,0.107678,-0.229564
OMEGA0: 0.654014,-0.119717,0.213684
OMEGA1: 0.654121,0.121051,-0.216348
OMEGA0: 0.653462,-0.131645,0.199871
OMEGA1: 0.653566,0.133155,-0.202456
OMEGA0: 0.652889,-0.142294,0.185527
OMEGA1: 0.652988,0.14397,-0.188013
OMEGA0: 0.652299,-0.151654,0.170772
OMEGA1: 0.652394,0.153485,-0.173143
OMEGA0: 0.651698,-0.15973,0.155724
OMEGA1: 0.651787,0.161704,-0.157965
OMEGA0: 0.651089,-0.166536,0.140496
OMEGA1: 0.651173,0.168639,-0.142594
OMEGA0: 0.650477,-0.172095,0.125195
OMEGA1: 0.650554,0.17431,-0.127138
OMEGA0: 0.649867,-0.176438,0.109923
OMEGA1: 0.649938,0.178754,-0.111702
OMEGA0: 0.649261,-0.179604,0.0947724
OMEGA1: 0.649325,0.182002,-0.096381
OMEGA0: 0.648664,-0.181641,0.0798337
OMEGA1: 0.648722,0.184107,-0.0812663
OMEGA0: 0.648079,-0.182599,0.0651866
OMEGA1: 0.648129,0.185114,-0.0664386
OMEGA0: 0.647508,-0.182533,0.0509032
OMEGA1: 0.647551,0.185082,-0.0519734
OMEGA0: 0.646954,-0.181502,0.0370496
OMEGA1: 0.64699,0.18407,-0.0379377
OMEGA0: 0.646419,-0.179571,0.0236842
OMEGA1: 0.646448,0.182143,-0.0243921
OMEGA0: 0.645906,-0.176805,0.0108585
OMEGA1: 0.645929,0.179365,-0.0113886
OMEGA0: 0.645417,-0.173271,-0.00138417
OMEGA1: 0.645432,0.175806,0.0010276
OMEGA0: 0.644953,-0.169035,-0.0130068
OMEGA1: 0.644961,0.171532,0.0128186
OMEGA0: 0.644514,-0.164167,-0.0239796
OMEGA1: 0.644515,0.166614,0.023953
OMEGA0: 0.644102,-0.158733,-0.0342789
OMEGA1: 0.644097,0.161119,0.0344067
OMEGA0: 0.643718,-0.1528,-0.0438866
OMEGA1: 0.643707,0.155115,0.0441609
OMEGA0: 0.643361,-0.146435,-0.0527911
OMEGA1: 0.643346,0.148669,0.053203
OMEGA0: 0.643034,-0.1397,-0.0609859
OMEGA1: 0.643013,0.141846,0.0615266
OMEGA0: 0.642734,-0.132658,-0.0684701
OMEGA1: 0.642709,0.134709,0.0691296
OMEGA0: 0.642464,-0.125369,-0.0752461
OMEGA1: 0.642434,0.127318,0.0760147
OMEGA0: 0.642221,-0.117889,-0.0813214
OMEGA1: 0.642187,0.119732,0.0821894
OMEGA0: 0.642006,-0.110273,-0.0867079
OMEGA1: 0.641968,0.112006,0.0876645
OMEGA0: 0.641817,-0.102573,-0.0914199
OMEGA1: 0.641777,0.104193,0.0924555
OMEGA0: 0.641655,-0.0948365,-0.0954752
OMEGA1: 0.641612,0.0963409,0.0965797
OMEGA0: 0.641518,-0.0871091,-0.0988944
OMEGA1: 0.641473,0.088498,0.100059
OMEGA0: 0.641406,-0.0794342,-0.101701
OMEGA1: 0.641359,0.0807057,0.102914
OMEGA0: 0.641317,-0.0718491,-0.10392
OMEGA1: 0.641268,0.0730035,0.105173
OMEGA0: 0.641251,-0.0643893,-0.105577
OMEGA1: 0.641201,0.0654301,0.106863
OMEGA0: 0.641206,-0.0570895,-0.106702
OMEGA1: 0.641155,0.0580151,0.10801
OMEGA0: 0.641181,-0.0499775,-0.107324
OMEGA1: 0.64113,0.0507925,0.108647
OMEGA0: 0.641175,-0.0430809,-0.107473
OMEGA1: 0.641123,0.0437857,0.108802
OMEGA0: 0.641187,-0.0364219,-0.107181
OMEGA1: 0.641135,0.0370198,0.108509
OMEGA0: 0.641215,-0.0300204,-0.106478
OMEGA1: 0.641164,0.0305156,0.107798
OMEGA0: 0.641258,-0.0238942,-0.105396
OMEGA1: 0.641208,0.0242902,0.106702
OMEGA0: 0.641315,-0.0180573,-0.103967
OMEGA1: 0.641266,0.0183585,0.105252
OMEGA0: 0.641385,-0.0125224,-0.102221
OMEGA1: 0.641337,0.0127336,0.103482
OMEGA0: 0.641467,-0.00729867,-0.100191
OMEGA1: 0.641419,0.00742393,0.10142
OMEGA0: 0.641558,-0.00239301,-0.0979053
OMEGA1: 0.641512,0.00243741,0.0991001
OMEGA0: 0.641659,0.00219006,-0.0953944
OMEGA1: 0.641614,-0.00222157,0.0965495
OMEGA0: 0.641767,0.00644736,-0.0926871
OMEGA1: 0.641724,-0.00654945,0.0938002
OMEGA0: 0.641882,0.0103786,-0.089812
OMEGA1: 0.641841,-0.0105462,0.0908795
OMEGA0: 0.642003,0.0139849,-0.0867946
OMEGA1: 0.641963,-0.0142127,0.0878151
OMEGA0: 0.642128,0.0172691,-0.0836622
OMEGA1: 0.642091,-0.0175522,0.0846328
OMEGA0: 0.642257,0.0202357,-0.0804384
OMEGA1: 0.642222,-0.0205689,0.0813568
OMEGA0: 0.642388,0.0228906,-0.0771478
OMEGA1: 0.642355,-0.0232689,0.0780134
OMEGA0: 0.642522,0.0252409,-0.0738118
OMEGA1: 0.642491,-0.0256593,0.074623
OMEGA0: 0.642656,0.0272948,-0.0704509
OMEGA1: 0.642628,-0.0277489,0.0712085
OMEGA0: 0.642791,0.0290624,-0.0670866
OMEGA1: 0.642764,-0.0295467,0.0677882
OMEGA0: 0.642925,0.0305532,-0.0637359
OMEGA1: 0.642901,-0.031064,0.0643834
OMEGA0: 0.643058,0.0317782,-0.0604147
OMEGA1: 0.643036,-0.0323107,0.0610074
OMEGA0: 0.643189,0.0327495,-0.0571403
OMEGA1: 0.643169,-0.0332997,0.0576791
OMEGA0: 0.643318,0.0334797,-0.0539269
OMEGA1: 0.6433,-0.034043,0.054412
OMEGA0: 0.643443,0.0339807,-0.0507865
OMEGA1: 0.643427,-0.0345541,0.0512199
OMEGA0: 0.643566,0.0342661,-0.0477315
OMEGA1: 0.643551,-0.0348459,0.0481142
OMEGA0: 0.643684,0.034349,-0.0447718
OMEGA1: 0.643672,-0.034932,0.0451058
OMEGA0: 0.643798,0.0342431,-0.0419173
OMEGA1: 0.643788,-0.034826,0.0422035
OMEGA0: 0.643908,0.0339615,-0.0391754
OMEGA1: 0.643899,-0.0345416,0.0394159
OMEGA0: 0.644013,0.0335182,-0.0365531
OMEGA1: 0.644006,-0.0340925,0.0367495
OMEGA0: 0.644112,0.0329272,-0.0340568
OMEGA1: 0.644108,-0.0334931,0.0342109
OMEGA0: 0.644207,0.0322006,-0.0316902
OMEGA1: 0.644204,-0.0327565,0.0318045
OMEGA0: 0.644296,0.0313524,-0.0294577
OMEGA1: 0.644295,-0.0318961,0.0295339
OMEGA0: 0.64438,0.0303953,-0.0273615
OMEGA1: 0.64438,-0.0309254,0.0274021
OMEGA0: 0.644458,0.0293423,-0.0254037
OMEGA1: 0.64446,-0.0298557,0.0254106
OMEGA0: 0.644531,0.028205,-0.0235854
OMEGA1: 0.644534,-0.0287016,0.0235609
OMEGA0: 0.644598,0.0269957,-0.0219065
OMEGA1: 0.644602,-0.0274743,0.0218527
OMEGA0: 0.64466,0.0257257,-0.0203663
OMEGA1: 0.644665,-0.0261845,0.0202855
OMEGA0: 0.644716,0.0244057,-0.018964
OMEGA1: 0.644722,-0.0248441,0.0188581
OMEGA0: 0.644767,0.0230464,-0.0176973
OMEGA1: 0.644773,-0.0234636,0.0175684
OMEGA0: 0.644812,0.0216576,-0.0165638
OMEGA1: 0.64482,-0.0220532,0.0164139
OMEGA0: 0.644852,0.0202487,-0.0155605
OMEGA1: 0.644861,-0.0206231,0.0153919
OMEGA0: 0.644888,0.0188295,-0.014684
OMEGA1: 0.644896,-0.0191815,0.0144984
OMEGA0: 0.644917,0.0174073,-0.0139301
OMEGA1: 0.644927,-0.017737,0.0137295
OMEGA0: 0.644943,0.0159907,-0.0132948
OMEGA1: 0.644953,-0.0162977,0.0130809
OMEGA0: 0.644964,0.0145868,-0.0127732
OMEGA1: 0.644974,-0.0148712,0.0125479
OMEGA0: 0.64498,0.013202,-0.0123606
OMEGA1: 0.644991,-0.0134638,0.0121256
OMEGA0: 0.644993,0.0118429,-0.0120516
OMEGA1: 0.645004,-0.0120827,0.0118085
OMEGA0: 0.645001,0.0105148,-0.0118412
OMEGA1: 0.645013,-0.010733,0.0115912
OMEGA0: 0.645006,0.00922263,-0.0117238
OMEGA1: 0.645018,-0.00941979,0.0114684
OMEGA0: 0.645007,0.00797172,-0.0116937
OMEGA1: 0.645019,-0.00814795,0.0114342
OMEGA0: 0.645005,0.00676589,-0.0117447
OMEGA1: 0.645017,-0.00692172,0.0114827
OMEGA0: 0.645,0.00560838,-0.0118718
OMEGA1: 0.645012,-0.00574452,0.0116081
OMEGA0: 0.644992,0.00450237,-0.0120691
OMEGA1: 0.645004,-0.00461961,0.0118046
OMEGA0: 0.644981,0.00345112,-0.0123297
OMEGA1: 0.644994,-0.00354969,0.012066
OMEGA0: 0.644969,0.00245584,-0.0126501
OMEGA1: 0.644981,-0.00253638,0.012388
OMEGA0: 0.644954,0.00151877,-0.0130233
OMEGA1: 0.644966,-0.00158209,0.0127635
OMEGA0: 0.644937,0.000641205,-0.0134436
OMEGA1: 0.644949,-0.000688324,0.0131863
OMEGA0: 0.644918,-0.000175529,-0.0139056
OMEGA1: 0.64493,0.00014429,0.0136519
OMEGA0: 0.644898,-0.000931293,-0.0144044
OMEGA1: 0.64491,0.000915216,0.014155
OMEGA0: 0.644877,-0.0016255,-0.0149338
OMEGA1: 0.644889,0.00162393,0.0146891
OMEGA0: 0.644855,-0.00225854,-0.01549
OMEGA1: 0.644866,0.00227077,0.0152507
OMEGA0: 0.644832,-0.00283053,-0.0160685
OMEGA1: 0.644843,0.00285588,0.0158351
OMEGA0: 0.644808,-0.00334226,-0.0166629
OMEGA1: 0.644819,0.00338015,0.0164363
OMEGA0: 0.644784,-0.00379459,-0.0172703
OMEGA1: 0.644794,0.0038445,0.0170493
OMEGA0: 0.644759,-0.00418886,-0.0178852
OMEGA1: 0.644769,0.0042499,0.0176709
OMEGA0: 0.644734,-0.00452596,-0.0185046
OMEGA1: 0.644744,0.00459802,0.0182965
OMEGA0: 0.64471,-0.00480793,-0.0191237
OMEGA1: 0.644719,0.00489041,0.0189231
OMEGA0: 0.644685,-0.00503639,-0.019739
OMEGA1: 0.644694,0.00512868,0.0195461
OMEGA0: 0.644661,-0.00521348,-0.0203477
OMEGA1: 0.64467,0.00531485,0.0201626
OMEGA0: 0.644637,-0.00534038,-0.0209471
OMEGA1: 0.644646,0.00545097,0.0207694
OMEGA0: 0.644613,-0.00542035,-0.0215327
OMEGA1: 0.644622,0.00554003,0.0213619
OMEGA0: 0.644591,-0.00545511,-0.022103
OMEGA1: 0.644599,0.00558292,0.0219402
OMEGA0: 0.644569,-0.00544744,-0.0226542
OMEGA1: 0.644576,0.00558287,0.0224999
OMEGA0: 0.644547,-0.00539941,-0.0231854
OMEGA1: 0.644555,0.00554257,0.0230392
OMEGA0: 0.644527,-0.005314,-0.0236931
OMEGA1: 0.644534,0.00546415,0.0235557
OMEGA0: 0.644508,-0.00519322,-0.0241769
OMEGA1: 0.644514,0.00535049,0.0240479
OMEGA0: 0.644489,-0.00504035,-0.0246339
OMEGA1: 0.644496,0.00520428,0.0245135
OMEGA0: 0.644472,-0.00485754,-0.0250629
OMEGA1: 0.644478,0.0050279,0.0249517
OMEGA0: 0.644456,-0.00464818,-0.0254628
OMEGA1: 0.644462,0.00482448,0.0253607
OMEGA0: 0.644442,-0.00441469,-0.025832
OMEGA1: 0.644447,0.00459684,0.0257397
OMEGA0: 0.644428,-0.00415875,-0.0261703
OMEGA1: 0.644433,0.00434666,0.0260874
OMEGA0: 0.644416,-0.00388429,-0.0264766
OMEGA1: 0.64442,0.0040775,0.0264035
OMEGA0: 0.644405,-0.00359374,-0.0267501
OMEGA1: 0.644409,0.00379208,0.0266874
OMEGA0: 0.644395,-0.00328945,-0.0269906
OMEGA1: 0.644399,0.00349284,0.0269384
OMEGA0: 0.644387,-0.00297415,-0.0271977
OMEGA1: 0.64439,0.00318226,0.0271561
OMEGA0: 0.64438,-0.00265057,-0.0273712
OMEGA1: 0.644383,0.00286308,0.0273411
OMEGA0: 0.644374,-0.00232122,-0.0275117
OMEGA1: 0.644376,0.00253777,0.0274928
OMEGA0: 0.64437,-0.0019887,-0.0276186
OMEGA1: 0.644372,0.00220896,0.027612
OMEGA0: 0.644367,-0.00165505,-0.0276927
OMEGA1: 0.644368,0.00187883,0.0276985
OMEGA0: 0.644365,-0.00132324,-0.0277344
OMEGA1: 0.644366,0.00154981,0.0277532
OMEGA0: 0.644365,-0.000995521,-0.0277441
OMEGA1: 0.644365,0.00122424,0.0277761
OMEGA0: 0.644366,-0.00067345,-0.0277227
OMEGA1: 0.644365,0.000904782,0.0277683
OMEGA0: 0.644368,-0.000359784,-0.0276709
OMEGA1: 0.644367,0.000592554,0.0277311
OMEGA0: 0.644371,-5.73966e-05,-0.0275897
OMEGA1: 0.644369,0.000290781,0.0276644
OMEGA0: 0.644376,0.000232828,-0.0274803
OMEGA1: 0.644373,1.14161e-06,0.0275703
OMEGA0: 0.644381,0.000508058,-0.0273436
OMEGA1: 0.644378,-0.000275558,0.0274491
OMEGA0: 0.644387,0.000767281,-0.0271811
OMEGA1: 0.644384,-0.000535515,0.0273029
OMEGA0: 0.644395,0.00100768,-0.0269941
OMEGA1: 0.644391,-0.000778405,0.027132
OMEGA0: 0.644403,0.00122816,-0.0267835
OMEGA1: 0.644399,-0.0010017,0.026939
OMEGA0: 0.644413,0.00142671,-0.0265516
OMEGA1: 0.644407,-0.00120433,0.0267245
OMEGA0: 0.644423,0.0016018,-0.0263003
OMEGA1: 0.644417,-0.0013843,0.0264907
OMEGA0: 0.644434,0.00175159,-0.0260308
OMEGA1: 0.644427,-0.00154086,0.0262389
OMEGA0: 0.644445,0.00187557,-0.0257442
OMEGA1: 0.644437,-0.00167209,0.0259707
OMEGA0: 0.644457,0.00197154,-0.0254444
OMEGA1: 0.644449,-0.00177652,0.0256895
OMEGA0: 0.644469,0.002039,-0.0251312
OMEGA1: 0.64446,-0.00185391,0.0253953
OMEGA0: 0.644482,0.00207635,-0.0248084
OMEGA1: 0.644473,-0.001903,0.0250903
OMEGA0: 0.644496,0.0020828,-0.0244772
OMEGA1: 0.644485,-0.00192217,0.024778
OMEGA0: 0.644509,0.00205737,-0.0241402
OMEGA1: 0.644498,-0.00191105,0.0244597
OMEGA0: 0.644523,0.00199932,-0.0237993
OMEGA1: 0.644511,-0.0018691,0.0241375
OMEGA0: 0.644536,0.00190826,-0.0234569
OMEGA1: 0.644524,-0.00179568,0.0238135
OMEGA0: 0.64455,0.00178339,-0.023117
OMEGA1: 0.644537,-0.00169013,0.0234899
OMEGA0: 0.644564,0.00162459,-0.0227801
OMEGA1: 0.644549,-0.00155224,0.0231701
OMEGA0: 0.644577,0.00143153,-0.0224491
OMEGA1: 0.644562,-0.0013821,0.0228558
OMEGA0: 0.64459,0.001204,-0.0221269
OMEGA1: 0.644574,-0.0011792,0.0225492
OMEGA0: 0.644602,0.000942385,-0.0218169
OMEGA1: 0.644586,-0.000943957,0.0222541
OMEGA0: 0.644614,0.000646479,-0.0215207
OMEGA1: 0.644597,-0.000676378,0.0219712
OMEGA0: 0.644625,0.000317357,-0.0212425
OMEGA1: 0.644608,-0.000377235,0.0217051
OMEGA0: 0.644636,-4.50609e-05,-0.0209833
OMEGA1: 0.644618,-4.65262e-05,0.0214564
OMEGA0: 0.644645,-0.000439395,-0.0207475
OMEGA1: 0.644627,0.000314287,0.0212294
OMEGA0: 0.644653,-0.000865466,-0.0205363
OMEGA1: 0.644635,0.00070515,0.0210252
OMEGA0: 0.644661,-0.00132165,-0.0203535
OMEGA1: 0.644642,0.00112415,0.0208477
OMEGA0: 0.644667,-0.00180629,-0.0202021
OMEGA1: 0.644648,0.00157044,0.0206994
OMEGA0: 0.644671,-0.00231868,-0.0200841
OMEGA1: 0.644653,0.00204273,0.0205819
OMEGA0: 0.644674,-0.00285627,-0.0200031
OMEGA1: 0.644656,0.00253872,0.0204992
OMEGA0: 0.644676,-0.00341773,-0.0199611
OMEGA1: 0.644658,0.0030571,0.0204527
OMEGA0: 0.644676,-0.00400025,-0.0199614
OMEGA1: 0.644658,0.00359553,0.0204456
OMEGA0: 0.644674,-0.00460175,-0.0200064
OMEGA1: 0.644657,0.00415241,0.0204794
OMEGA0: 0.644671,-0.00522035,-0.0200979
OMEGA1: 0.644654,0.00472423,0.0205576
OMEGA0: 0.644665,-0.00585165,-0.0202395
OMEGA1: 0.644649,0.0053091,0.0206816
OMEGA0: 0.644657,-0.00649371,-0.0204328
OMEGA1: 0.644642,0.00590387,0.020854
OMEGA0: 0.644647,-0.0071424,-0.0206803
OMEGA1: 0.644633,0.00650546,0.0210765
OMEGA0: 0.644635,-0.00779482,-0.0209838
OMEGA1: 0.644622,0.00711023,0.0213513
OMEGA0: 0.644621,-0.00844696,-0.0213454
OMEGA1: 0.644609,0.00771509,0.0216799
OMEGA0: 0.644604,-0.00909474,-0.0217665
OMEGA1: 0.644594,0.00831618,0.0220639
OMEGA0: 0.644585,-0.00973367,-0.0222487
OMEGA1: 0.644576,0.00890944,0.0225046
OMEGA0: 0.644563,-0.0103595,-0.0227932
OMEGA1: 0.644556,0.00949068,0.0230032
OMEGA0: 0.644539,-0.0109677,-0.023401
OMEGA1: 0.644534,0.0100555,0.0235606
OMEGA0: 0.644512,-0.011553,-0.0240728
OMEGA1: 0.644509,0.0105995,0.0241774
OMEGA0: 0.644482,-0.0121105,-0.024809
OMEGA1: 0.644482,0.0111178,0.0248541
OMEGA0: 0.64445,-0.0126351,-0.0256099
OMEGA1: 0.644453,0.0116055,0.0255905
OMEGA0: 0.644416,-0.0131209,-0.0264749
OMEGA1: 0.644421,0.0120576,0.0263866
OMEGA0: 0.644379,-0.0135624,-0.0274036
OMEGA1: 0.644387,0.0124689,0.0272418
OMEGA0: 0.644339,-0.0139543,-0.0283951
OMEGA1: 0.64435,0.0128344,0.0281552
OMEGA0: 0.644297,-0.0142899,-0.0294477
OMEGA1: 0.644311,0.0131481,0.0291254
OMEGA0: 0.644252,-0.0145644,-0.0305602
OMEGA1: 0.64427,0.0134051,0.0301509
OMEGA0: 0.644206,-0.0147703,-0.0317291
OMEGA1: 0.644227,0.0135986,0.0312288
OMEGA0: 0.644157,-0.0149028,-0.0329528
OMEGA1: 0.644182,0.0137247,0.0323578
OMEGA0: 0.644106,-0.014955,-0.0342276
OMEGA1: 0.644135,0.0137761,0.0335337
OMEGA0: 0.644053,-0.0149211,-0.0355497
OMEGA1: 0.644086,0.0137484,0.0347539
OMEGA0: 0.643998,-0.0147952,-0.0369151
OMEGA1: 0.644036,0.0136355,0.036014
OMEGA0: 0.643942,-0.0145709,-0.0383182
OMEGA1: 0.643984,0.0134317,0.0373094
OMEGA0: 0.643884,-0.014243,-0.0397548
OMEGA1: 0.643931,0.013132,0.0386354
OMEGA0: 0.643826,-0.0138051,-0.0412176
OMEGA1: 0.643877,0.0127311,0.0399869
OMEGA0: 0.643767,-0.0132526,-0.0427023
OMEGA1: 0.643822,0.0122235,0.0413564
OMEGA0: 0.643707,-0.0125797,-0.0441996
OMEGA1: 0.643767,0.0116054,0.0427397
OMEGA0: 0.643647,-0.0117814,-0.0457017
OMEGA1: 0.643711,0.0108711,0.0441271
OMEGA0: 0.643587,-0.0108534,-0.0472019
OMEGA1: 0.643656,0.010017,0.0455127
OMEGA0: 0.643527,-0.00979137,-0.0486908
OMEGA1: 0.643601,0.00903935,0.0468891
OMEGA0: 0.643469,-0.00859197,-0.0501597
OMEGA1: 0.643546,0.00793432,0.0482453
OMEGA0: 0.643411,-0.00725152,-0.0515959
OMEGA1: 0.643493,0.00669916,0.0495736
OMEGA0: 0.643355,-0.00576754,-0.0529927
OMEGA1: 0.643442,0.00533131,0.0508632
OMEGA0: 0.643301,-0.00413801,-0.0543354
OMEGA1: 0.643392,0.00382898,0.0521048
OMEGA0: 0.64325,-0.0023613,-0.0556154
OMEGA1: 0.643345,0.00219097,0.0532869
OMEGA0: 0.643202,-0.000437312,-0.0568181
OMEGA1: 0.6433,0.000416216,0.0544001
L0: $L_0 = [25.00\quad0.000\quad-1.00]$
L1: $L_1 = [25.00\quad0.000\quad1.000]$
